T= 0
  X= 0.04 0.04 0 0 0 0 1
  V= 0 0 0.5 0 39.25 0
T= 0.01
  X= 0.04 0.04 0 0 0 0 1
  V= 0 0 0.5 0 39.25 0
T= 0.02
  X= 0.04 0.04 0.005 0 0.194993 0 0.980805
  V= 0 0 0.5 0 39.25 0
T= 0.03
  X= 0.04 0.04 0.01 0 0.382499 0 0.923956
  V= 0 0 0.5 0 39.25 0
T= 0.04
  X= 0.04 0.04 0.015 0 0.555322 0 0.831635
  V= 0 0 0.5 0 39.25 0
T= 0.05
  X= 0.04 0.04 0.02 0 0.706825 0 0.707388
  V= 0 0 -0.428571 0 0 0
T= 0.06
  X= 0.04 0.04 0.0157143 0 0.706825 0 0.707388
  V= 0 0 -0.428571 0 0 0
T= 0.07
  X= 0.04 0.04 0.0114286 0 0.706825 0 0.707388
  V= 0 0 -0.428571 0 0 0
T= 0.08
  X= 0.04 0.04 0.00714286 0 0.706825 0 0.707388
  V= 0 0 -0.428571 0 0 0
T= 0.09
  X= 0.04 0.04 0.00285714 0 0.706825 0 0.707388
  V= 0 0 -0.428571 0 0 0
T= 0.1
  X= 0.04 0.04 -0.00142857 0 0.706825 0 0.707388
  V= 0 0 -0.428571 0 0 0
T= 0.11
  X= 0.04 0.04 -0.00571429 0 0.706825 0 0.707388
  V= 0 0 -0.428571 0 0 0
T= 0.12
  X= 0.04 0.04 -0.01 0 0.706825 0 0.707388
  V= 0 0 -0.428571 0 0 0
T= 0.13
  X= 0.04 0.04 -0.0142857 0 0.706825 0 0.707388
  V= 0 0 -0.428571 0 0 0
T= 0.14
  X= 0.04 0.04 -0.0185714 0 0.706825 0 0.707388
  V= 0 0 -0.428571 0 0 0
T= 0.15
  X= 0.04 0.04 -0.0228571 0 0.706825 0 0.707388
  V= 0 0 -0.428571 0 0 0
T= 0.16
  X= 0.04 0.04 -0.0271429 0 0.706825 0 0.707388
  V= 0 0 -0.428571 0 0 0
T= 0.17
  X= 0.04 0.04 -0.0314286 0 0.706825 0 0.707388
  V= 0 0 -0.428571 0 0 0
T= 0.18
  X= 0.04 0.04 -0.0357143 0 0.706825 0 0.707388
  V= 0 0 -0.428571 0 0 0
T= 0.19
  X= 0.04 0.04 -0.04 0 0.706825 0 0.707388
  V= 0 0 -0.428571 0 0 0
T= 0.2
  X= 0.04 0.04 -0.0442857 0 0.706825 0 0.707388
  V= 0 0 -0.428571 0 0 0
T= 0.21
  X= 0.04 0.04 -0.0485714 0 0.706825 0 0.707388
  V= 0 0 -0.428571 0 0 0
T= 0.22
  X= 0.04 0.04 -0.0528571 0 0.706825 0 0.707388
  V= 0 0 -0.428571 0 0 0
T= 0.23
  X= 0.04 0.04 -0.0571429 0 0.706825 0 0.707388
  V= 0 0 -0.428571 0 0 0
T= 0.24
  X= 0.04 0.04 -0.0614286 0 0.706825 0 0.707388
  V= 0 0 -0.428571 0 0 0
T= 0.25
  X= 0.04 0.04 -0.0657143 0 0.706825 0 0.707388
  V= 0 0 -0.428571 0 0 0
T= 0.26
  X= 0.04 0.04 -0.07 0 0.706825 0 0.707388
  V= 0.2 0 0 0 3.925 0
T= 0.27
  X= 0.042 0.04 -0.07 0 0.720571 0 0.693381
  V= 0.2 0 0 0 3.925 0
T= 0.28
  X= 0.044 0.04 -0.07 0 0.734039 0 0.679108
  V= 0.2 0 0 0 3.925 0
T= 0.29
  X= 0.046 0.04 -0.07 0 0.747224 0 0.664572
  V= 0.2 0 0 0 3.925 0
T= 0.3
  X= 0.048 0.04 -0.07 0 0.760121 0 0.649781
  V= 0.2 0 0 0 3.925 0
T= 0.31
  X= 0.05 0.04 -0.07 0 0.772726 0 0.634739
  V= -0.2 0 0 0 -3.925 0
T= 0.32
  X= 0.048 0.04 -0.07 0 0.760121 0 0.649781
  V= -0.2 0 0 0 -3.925 0
T= 0.33
  X= 0.046 0.04 -0.07 0 0.747224 0 0.664572
  V= -0.2 0 0 0 -3.925 0
T= 0.34
  X= 0.044 0.04 -0.07 0 0.734039 0 0.679108
  V= -0.2 0 0 0 -3.925 0
T= 0.35
  X= 0.042 0.04 -0.07 0 0.720571 0 0.693381
  V= -0.2 0 0 0 -3.925 0
T= 0.36
  X= 0.04 0.04 -0.07 0 0.706825 0 0.707388
  V= 0 0 0.375 0 0 0
T= 0.37
  X= 0.04 0.04 -0.06625 0 0.706825 0 0.707388
  V= 0 0 0.375 0 0 0
T= 0.38
  X= 0.04 0.04 -0.0625 0 0.706825 0 0.707388
  V= 0 0 0.375 0 0 0
T= 0.39
  X= 0.04 0.04 -0.05875 0 0.706825 0 0.707388
  V= 0 0 0.375 0 0 0
T= 0.4
  X= 0.04 0.04 -0.055 0 0.706825 0 0.707388
  V= 0 0 0.375 0 0 0
T= 0.41
  X= 0.04 0.04 -0.05125 0 0.706825 0 0.707388
  V= 0 0 0.375 0 0 0
T= 0.42
  X= 0.04 0.04 -0.0475 0 0.706825 0 0.707388
  V= 0 0 0.375 0 0 0
T= 0.43
  X= 0.04 0.04 -0.04375 0 0.706825 0 0.707388
  V= 0 0 0.375 0 0 0
T= 0.44
  X= 0.04 0.04 -0.04 0 0.706825 0 0.707388
  V= 0 0 0.375 0 0 0
T= 0.45
  X= 0.04 0.04 -0.03625 0 0.706825 0 0.707388
  V= 0 0 0.375 0 0 0
T= 0.46
  X= 0.04 0.04 -0.0325 0 0.706825 0 0.707388
  V= 0 0 0.375 0 0 0
T= 0.47
  X= 0.04 0.04 -0.02875 0 0.706825 0 0.707388
  V= 0 0 0.375 0 0 0
T= 0.48
  X= 0.04 0.04 -0.025 0 0.706825 0 0.707388
  V= 0 0 0.375 0 0 0
T= 0.49
  X= 0.04 0.04 -0.02125 0 0.706825 0 0.707388
  V= 0 0 0.375 0 0 0
T= 0.5
  X= 0.04 0.04 -0.0175 0 0.706825 0 0.707388
  V= 0 0 0.375 0 0 0
T= 0.51
  X= 0.04 0.04 -0.01375 0 0.706825 0 0.707388
  V= 0 0 0.375 0 0 0
T= 0.52
  X= 0.04 0.04 -0.01 0 0.706825 0 0.707388
  V= 0 0 0.375 0 0 0
T= 0.53
  X= 0.04 0.04 -0.00625 0 0.706825 0 0.707388
  V= 0 0 0.375 0 0 0
T= 0.54
  X= 0.04 0.04 -0.0025 0 0.706825 0 0.707388
  V= 0 0 0.375 0 0 0
T= 0.55
  X= 0.04 0.04 0.00125 0 0.706825 0 0.707388
  V= 0 0 0.375 0 0 0
T= 0.56
  X= 0.04 0.04 0.005 0 0.706825 0 0.707388
  V= 0.4 0 0 0 0 0
T= 0.57
  X= 0.044 0.04 0.005 0 0.706825 0 0.707388
  V= 0.4 0 0 0 0 0
T= 0.58
  X= 0.048 0.04 0.005 0 0.706825 0 0.707388
  V= 0.4 0 0 0 0 0
T= 0.59
  X= 0.052 0.04 0.005 0 0.706825 0 0.707388
  V= 0.4 0 0 0 0 0
T= 0.6
  X= 0.056 0.04 0.005 0 0.706825 0 0.707388
  V= 0.4 0 0 0 0 0
T= 0.61
  X= 0.06 0.04 0.005 0 0.706825 0 0.707388
  V= 0 0 0 0 7.85 0
T= 0.62
  X= 0.06 0.04 0.005 0 0.734039 0 0.679108
  V= 0 0 0 0 7.85 0
T= 0.63
  X= 0.06 0.04 0.005 0 0.760121 0 0.649781
  V= 0 0 0 0 7.85 0
T= 0.64
  X= 0.06 0.04 0.005 0 0.785033 0 0.619453
  V= 0 0 0 0 7.85 0
T= 0.65
  X= 0.06 0.04 0.005 0 0.808736 0 0.588172
  V= 0 0 0 0 7.85 0
T= 0.66
  X= 0.06 0.04 0.005 0 0.831193 0 0.555984
  V= -0.58268 0 -0.9238 0 0 0
T= 0.67
  X= 0.0541732 0.04 -0.004238 0 0.831193 0 0.555984
  V= -0.58268 0 -0.9238 0 0 0
T= 0.68
  X= 0.0483464 0.04 -0.013476 0 0.831193 0 0.555984
  V= -0.58268 0 -0.9238 0 0 0
T= 0.69
  X= 0.0425196 0.04 -0.022714 0 0.831193 0 0.555984
  V= -0.58268 0 -0.9238 0 0 0
T= 0.7
  X= 0.0366928 0.04 -0.031952 0 0.831193 0 0.555984
  V= -0.58268 0 -0.9238 0 0 0
T= 0.71
  X= 0.030866 0.04 -0.04119 0 0.831193 0 0.555984
  V= 0 0 0 0 -7.85 0
T= 0.72
  X= 0.030866 0.04 -0.04119 0 0.808736 0 0.588172
  V= 0 0 0 0 -7.85 0
T= 0.73
  X= 0.030866 0.04 -0.04119 0 0.785033 0 0.619453
  V= 0 0 0 0 -7.85 0
T= 0.74
  X= 0.030866 0.04 -0.04119 0 0.760121 0 0.649781
  V= 0 0 0 0 -7.85 0
T= 0.75
  X= 0.030866 0.04 -0.04119 0 0.734039 0 0.679108
  V= 0 0 0 0 -7.85 0
T= 0.76
  X= 0.030866 0.04 -0.04119 0 0.706825 0 0.707388
  V= 0 0 0 0 7.85 0
T= 0.77
  X= 0.030866 0.04 -0.04119 0 0.734039 0 0.679108
  V= 0 0 0 0 7.85 0
T= 0.78
  X= 0.030866 0.04 -0.04119 0 0.760121 0 0.649781
  V= 0 0 0 0 7.85 0
T= 0.79
  X= 0.030866 0.04 -0.04119 0 0.785033 0 0.619453
  V= 0 0 0 0 7.85 0
T= 0.8
  X= 0.030866 0.04 -0.04119 0 0.808736 0 0.588172
  V= 0 0 0 0 7.85 0
T= 0.81
  X= 0.030866 0.04 -0.04119 0 0.831193 0 0.555984
  V= 0.29134 0 0.4619 0 0 0
T= 0.82
  X= 0.0337794 0.04 -0.036571 0 0.831193 0 0.555984
  V= 0.29134 0 0.4619 0 0 0
T= 0.83
  X= 0.0366928 0.04 -0.031952 0 0.831193 0 0.555984
  V= 0.29134 0 0.4619 0 0 0
T= 0.84
  X= 0.0396062 0.04 -0.027333 0 0.831193 0 0.555984
  V= 0.29134 0 0.4619 0 0 0
T= 0.85
  X= 0.0425196 0.04 -0.022714 0 0.831193 0 0.555984
  V= 0.29134 0 0.4619 0 0 0
T= 0.86
  X= 0.045433 0.04 -0.018095 0 0.831193 0 0.555984
  V= 0.29134 0 0.4619 0 0 0
T= 0.87
  X= 0.0483464 0.04 -0.013476 0 0.831193 0 0.555984
  V= 0.29134 0 0.4619 0 0 0
T= 0.88
  X= 0.0512598 0.04 -0.008857 0 0.831193 0 0.555984
  V= 0.29134 0 0.4619 0 0 0
T= 0.89
  X= 0.0541732 0.04 -0.004238 0 0.831193 0 0.555984
  V= 0.29134 0 0.4619 0 0 0
T= 0.9
  X= 0.0570866 0.04 0.000381 0 0.831193 0 0.555984
  V= 0.29134 0 0.4619 0 0 0
T= 0.91
  X= 0.0570866 0.04 0.000381 0 0.831193 0 0.555984
  V= 0.29134 0 0.4619 0 0 0
T= 0.92
  X= 0.0570866 0.04 0.000381 0 0.831193 0 0.555984
  V= 0.29134 0 0.4619 0 0 0
T= 0.93
  X= 0.0570866 0.04 0.000381 0 0.831193 0 0.555984
  V= 0.29134 0 0.4619 0 0 0
T= 0.94
  X= 0.0570866 0.04 0.000381 0 0.831193 0 0.555984
  V= 0.29134 0 0.4619 0 0 0
T= 0.95
  X= 0.0570866 0.04 0.000381 0 0.831193 0 0.555984
  V= 0.29134 0 0.4619 0 0 0
T= 0.96
  X= 0.0570866 0.04 0.000381 0 0.831193 0 0.555984
  V= 0.29134 0 0.4619 0 0 0
T= 0.97
  X= 0.0570866 0.04 0.000381 0 0.831193 0 0.555984
  V= 0.29134 0 0.4619 0 0 0
T= 0.98
  X= 0.0570866 0.04 0.000381 0 0.831193 0 0.555984
  V= 0.29134 0 0.4619 0 0 0
T= 0.99
  X= 0.0570866 0.04 0.000381 0 0.831193 0 0.555984
  V= 0.29134 0 0.4619 0 0 0
T= 1
  X= 0.0570866 0.04 0.000381 0 0.831193 0 0.555984
  V= 0.29134 0 0.4619 0 0 0
T= 1.01
  X= 0.0570866 0.04 0.000381 0 0.831193 0 0.555984
  V= 0.29134 0 0.4619 0 0 0
T= 1.02
  X= 0.0570866 0.04 0.000381 0 0.831193 0 0.555984
  V= 0.29134 0 0.4619 0 0 0
T= 1.03
  X= 0.0570866 0.04 0.000381 0 0.831193 0 0.555984
  V= 0.29134 0 0.4619 0 0 0
T= 1.04
  X= 0.0570866 0.04 0.000381 0 0.831193 0 0.555984
  V= 0.29134 0 0.4619 0 0 0
T= 1.05
  X= 0.0570866 0.04 0.000381 0 0.831193 0 0.555984
  V= 0.29134 0 0.4619 0 0 0
T= 1.06
  X= 0.0570866 0.04 0.000381 0 0.831193 0 0.555984
  V= 0.29134 0 0.4619 0 0 0
T= 1.07
  X= 0.0570866 0.04 0.000381 0 0.831193 0 0.555984
  V= 0.29134 0 0.4619 0 0 0
T= 1.08
  X= 0.0570866 0.04 0.000381 0 0.831193 0 0.555984
  V= 0.29134 0 0.4619 0 0 0
T= 1.09
  X= 0.0570866 0.04 0.000381 0 0.831193 0 0.555984
  V= 0.29134 0 0.4619 0 0 0
T= 1.1
  X= 0.0570866 0.04 0.000381 0 0.831193 0 0.555984
  V= 0.29134 0 0.4619 0 0 0
T= 1.11
  X= 0.0570866 0.04 0.000381 0 0.831193 0 0.555984
  V= 0.29134 0 0.4619 0 0 0
T= 1.12
  X= 0.0570866 0.04 0.000381 0 0.831193 0 0.555984
  V= 0.29134 0 0.4619 0 0 0
T= 1.13
  X= 0.0570866 0.04 0.000381 0 0.831193 0 0.555984
  V= 0.29134 0 0.4619 0 0 0
T= 1.14
  X= 0.0570866 0.04 0.000381 0 0.831193 0 0.555984
  V= 0.29134 0 0.4619 0 0 0
T= 1.15
  X= 0.0570866 0.04 0.000381 0 0.831193 0 0.555984
  V= 0.29134 0 0.4619 0 0 0
T= 1.16
  X= 0.0570866 0.04 0.000381 0 0.831193 0 0.555984
  V= 0.29134 0 0.4619 0 0 0
T= 1.17
  X= 0.0570866 0.04 0.000381 0 0.831193 0 0.555984
  V= 0.29134 0 0.4619 0 0 0
T= 1.18
  X= 0.0570866 0.04 0.000381 0 0.831193 0 0.555984
  V= 0.29134 0 0.4619 0 0 0
T= 1.19
  X= 0.0570866 0.04 0.000381 0 0.831193 0 0.555984
  V= 0.29134 0 0.4619 0 0 0
T= 1.2
  X= 0.0570866 0.04 0.000381 0 0.831193 0 0.555984
  V= 0.29134 0 0.4619 0 0 0
T= 1.21
  X= 0.0570866 0.04 0.000381 0 0.831193 0 0.555984
  V= 0.29134 0 0.4619 0 0 0
T= 1.22
  X= 0.0570866 0.04 0.000381 0 0.831193 0 0.555984
  V= 0.29134 0 0.4619 0 0 0
T= 1.23
  X= 0.0570866 0.04 0.000381 0 0.831193 0 0.555984
  V= 0.29134 0 0.4619 0 0 0
T= 1.24
  X= 0.0570866 0.04 0.000381 0 0.831193 0 0.555984
  V= 0.29134 0 0.4619 0 0 0
T= 1.25
  X= 0.0570866 0.04 0.000381 0 0.831193 0 0.555984
  V= 0.29134 0 0.4619 0 0 0
T= 1.26
  X= 0.0570866 0.04 0.000381 0 0.831193 0 0.555984
  V= 0.29134 0 0.4619 0 0 0
T= 1.27
  X= 0.0570866 0.04 0.000381 0 0.831193 0 0.555984
  V= 0.29134 0 0.4619 0 0 0
T= 1.28
  X= 0.0570866 0.04 0.000381 0 0.831193 0 0.555984
  V= 0.29134 0 0.4619 0 0 0
T= 1.29
  X= 0.0570866 0.04 0.000381 0 0.831193 0 0.555984
  V= 0.29134 0 0.4619 0 0 0
T= 1.3
  X= 0.0570866 0.04 0.000381 0 0.831193 0 0.555984
  V= 0.29134 0 0.4619 0 0 0
T= 1.31
  X= 0.0570866 0.04 0.000381 0 0.831193 0 0.555984
  V= 0.29134 0 0.4619 0 0 0
T= 1.32
  X= 0.0570866 0.04 0.000381 0 0.831193 0 0.555984
  V= 0.29134 0 0.4619 0 0 0
T= 1.33
  X= 0.0570866 0.04 0.000381 0 0.831193 0 0.555984
  V= 0.29134 0 0.4619 0 0 0
T= 1.34
  X= 0.0570866 0.04 0.000381 0 0.831193 0 0.555984
  V= 0.29134 0 0.4619 0 0 0
T= 1.35
  X= 0.0570866 0.04 0.000381 0 0.831193 0 0.555984
  V= 0.29134 0 0.4619 0 0 0
T= 1.36
  X= 0.0570866 0.04 0.000381 0 0.831193 0 0.555984
  V= 0.29134 0 0.4619 0 0 0
T= 1.37
  X= 0.0570866 0.04 0.000381 0 0.831193 0 0.555984
  V= 0.29134 0 0.4619 0 0 0
T= 1.38
  X= 0.0570866 0.04 0.000381 0 0.831193 0 0.555984
  V= 0.29134 0 0.4619 0 0 0
T= 1.39
  X= 0.0570866 0.04 0.000381 0 0.831193 0 0.555984
  V= 0.29134 0 0.4619 0 0 0
T= 1.4
  X= 0.0570866 0.04 0.000381 0 0.831193 0 0.555984
  V= 0.29134 0 0.4619 0 0 0
T= 1.41
  X= 0.0570866 0.04 0.000381 0 0.831193 0 0.555984
  V= 0.29134 0 0.4619 0 0 0
T= 1.42
  X= 0.0570866 0.04 0.000381 0 0.831193 0 0.555984
  V= 0.29134 0 0.4619 0 0 0
T= 1.43
  X= 0.0570866 0.04 0.000381 0 0.831193 0 0.555984
  V= 0.29134 0 0.4619 0 0 0
T= 1.44
  X= 0.0570866 0.04 0.000381 0 0.831193 0 0.555984
  V= 0.29134 0 0.4619 0 0 0
T= 1.45
  X= 0.0570866 0.04 0.000381 0 0.831193 0 0.555984
  V= 0.29134 0 0.4619 0 0 0
T= 1.46
  X= 0.0570866 0.04 0.000381 0 0.831193 0 0.555984
  V= 0.29134 0 0.4619 0 0 0
T= 1.47
  X= 0.0570866 0.04 0.000381 0 0.831193 0 0.555984
  V= 0.29134 0 0.4619 0 0 0
T= 1.48
  X= 0.0570866 0.04 0.000381 0 0.831193 0 0.555984
  V= 0.29134 0 0.4619 0 0 0
T= 1.49
  X= 0.0570866 0.04 0.000381 0 0.831193 0 0.555984
  V= 0.29134 0 0.4619 0 0 0
T= 1.5
  X= 0.0570866 0.04 0.000381 0 0.831193 0 0.555984
  V= 0.29134 0 0.4619 0 0 0
T= 1.51
  X= 0.0570866 0.04 0.000381 0 0.831193 0 0.555984
  V= 0.29134 0 0.4619 0 0 0
T= 1.52
  X= 0.0570866 0.04 0.000381 0 0.831193 0 0.555984
  V= 0.29134 0 0.4619 0 0 0
T= 1.53
  X= 0.0570866 0.04 0.000381 0 0.831193 0 0.555984
  V= 0.29134 0 0.4619 0 0 0
T= 1.54
  X= 0.0570866 0.04 0.000381 0 0.831193 0 0.555984
  V= 0.29134 0 0.4619 0 0 0
T= 1.55
  X= 0.0570866 0.04 0.000381 0 0.831193 0 0.555984
  V= 0.29134 0 0.4619 0 0 0
T= 1.56
  X= 0.0570866 0.04 0.000381 0 0.831193 0 0.555984
  V= 0.29134 0 0.4619 0 0 0
T= 1.57
  X= 0.0570866 0.04 0.000381 0 0.831193 0 0.555984
  V= 0.29134 0 0.4619 0 0 0
T= 1.58
  X= 0.0570866 0.04 0.000381 0 0.831193 0 0.555984
  V= 0.29134 0 0.4619 0 0 0
T= 1.59
  X= 0.0570866 0.04 0.000381 0 0.831193 0 0.555984
  V= 0.29134 0 0.4619 0 0 0
T= 1.6
  X= 0.0570866 0.04 0.000381 0 0.831193 0 0.555984
  V= 0.29134 0 0.4619 0 0 0
T= 1.61
  X= 0.0570866 0.04 0.000381 0 0.831193 0 0.555984
  V= 0.29134 0 0.4619 0 0 0
T= 1.62
  X= 0.0570866 0.04 0.000381 0 0.831193 0 0.555984
  V= 0.29134 0 0.4619 0 0 0
T= 1.63
  X= 0.0570866 0.04 0.000381 0 0.831193 0 0.555984
  V= 0.29134 0 0.4619 0 0 0
T= 1.64
  X= 0.0570866 0.04 0.000381 0 0.831193 0 0.555984
  V= 0.29134 0 0.4619 0 0 0
T= 1.65
  X= 0.0570866 0.04 0.000381 0 0.831193 0 0.555984
  V= 0.29134 0 0.4619 0 0 0
T= 1.66
  X= 0.0570866 0.04 0.000381 0 0.831193 0 0.555984
  V= 0.29134 0 0.4619 0 0 0
T= 1.67
  X= 0.0570866 0.04 0.000381 0 0.831193 0 0.555984
  V= 0.29134 0 0.4619 0 0 0
T= 1.68
  X= 0.0570866 0.04 0.000381 0 0.831193 0 0.555984
  V= 0.29134 0 0.4619 0 0 0
T= 1.69
  X= 0.0570866 0.04 0.000381 0 0.831193 0 0.555984
  V= 0.29134 0 0.4619 0 0 0
T= 1.7
  X= 0.0570866 0.04 0.000381 0 0.831193 0 0.555984
  V= 0.29134 0 0.4619 0 0 0
T= 1.71
  X= 0.0570866 0.04 0.000381 0 0.831193 0 0.555984
  V= 0.29134 0 0.4619 0 0 0
T= 1.72
  X= 0.0570866 0.04 0.000381 0 0.831193 0 0.555984
  V= 0.29134 0 0.4619 0 0 0
T= 1.73
  X= 0.0570866 0.04 0.000381 0 0.831193 0 0.555984
  V= 0.29134 0 0.4619 0 0 0
T= 1.74
  X= 0.0570866 0.04 0.000381 0 0.831193 0 0.555984
  V= 0.29134 0 0.4619 0 0 0
T= 1.75
  X= 0.0570866 0.04 0.000381 0 0.831193 0 0.555984
  V= 0.29134 0 0.4619 0 0 0
T= 1.76
  X= 0.0570866 0.04 0.000381 0 0.831193 0 0.555984
  V= 0.29134 0 0.4619 0 0 0
T= 1.77
  X= 0.0570866 0.04 0.000381 0 0.831193 0 0.555984
  V= 0.29134 0 0.4619 0 0 0
T= 1.78
  X= 0.0570866 0.04 0.000381 0 0.831193 0 0.555984
  V= 0.29134 0 0.4619 0 0 0
T= 1.79
  X= 0.0570866 0.04 0.000381 0 0.831193 0 0.555984
  V= 0.29134 0 0.4619 0 0 0
T= 1.8
  X= 0.0570866 0.04 0.000381 0 0.831193 0 0.555984
  V= 0.29134 0 0.4619 0 0 0
T= 1.81
  X= 0.0570866 0.04 0.000381 0 0.831193 0 0.555984
  V= 0.29134 0 0.4619 0 0 0
T= 1.82
  X= 0.0570866 0.04 0.000381 0 0.831193 0 0.555984
  V= 0.29134 0 0.4619 0 0 0
T= 1.83
  X= 0.0570866 0.04 0.000381 0 0.831193 0 0.555984
  V= 0.29134 0 0.4619 0 0 0
T= 1.84
  X= 0.0570866 0.04 0.000381 0 0.831193 0 0.555984
  V= 0.29134 0 0.4619 0 0 0
T= 1.85
  X= 0.0570866 0.04 0.000381 0 0.831193 0 0.555984
  V= 0.29134 0 0.4619 0 0 0
T= 1.86
  X= 0.0570866 0.04 0.000381 0 0.831193 0 0.555984
  V= 0.29134 0 0.4619 0 0 0
T= 1.87
  X= 0.0570866 0.04 0.000381 0 0.831193 0 0.555984
  V= 0.29134 0 0.4619 0 0 0
T= 1.88
  X= 0.0570866 0.04 0.000381 0 0.831193 0 0.555984
  V= 0.29134 0 0.4619 0 0 0
T= 1.89
  X= 0.0570866 0.04 0.000381 0 0.831193 0 0.555984
  V= 0.29134 0 0.4619 0 0 0
T= 1.9
  X= 0.0570866 0.04 0.000381 0 0.831193 0 0.555984
  V= 0.29134 0 0.4619 0 0 0
T= 1.91
  X= 0.0570866 0.04 0.000381 0 0.831193 0 0.555984
  V= 0.29134 0 0.4619 0 0 0
T= 1.92
  X= 0.0570866 0.04 0.000381 0 0.831193 0 0.555984
  V= 0.29134 0 0.4619 0 0 0
T= 1.93
  X= 0.0570866 0.04 0.000381 0 0.831193 0 0.555984
  V= 0.29134 0 0.4619 0 0 0
T= 1.94
  X= 0.0570866 0.04 0.000381 0 0.831193 0 0.555984
  V= 0.29134 0 0.4619 0 0 0
T= 1.95
  X= 0.0570866 0.04 0.000381 0 0.831193 0 0.555984
  V= 0.29134 0 0.4619 0 0 0
T= 1.96
  X= 0.0570866 0.04 0.000381 0 0.831193 0 0.555984
  V= 0.29134 0 0.4619 0 0 0
T= 1.97
  X= 0.0570866 0.04 0.000381 0 0.831193 0 0.555984
  V= 0.29134 0 0.4619 0 0 0
T= 1.98
  X= 0.0570866 0.04 0.000381 0 0.831193 0 0.555984
  V= 0.29134 0 0.4619 0 0 0
T= 1.99
  X= 0.0570866 0.04 0.000381 0 0.831193 0 0.555984
  V= 0.29134 0 0.4619 0 0 0
T= 2
  X= 0.0570866 0.04 0.000381 0 0.831193 0 0.555984
  V= 0.29134 0 0.4619 0 0 0
T= 2.01
  X= 0.0570866 0.04 0.000381 0 0.831193 0 0.555984
  V= 0.29134 0 0.4619 0 0 0
T= 2.02
  X= 0.0570866 0.04 0.000381 0 0.831193 0 0.555984
  V= 0.29134 0 0.4619 0 0 0
T= 2.03
  X= 0.0570866 0.04 0.000381 0 0.831193 0 0.555984
  V= 0.29134 0 0.4619 0 0 0
T= 2.04
  X= 0.0570866 0.04 0.000381 0 0.831193 0 0.555984
  V= 0.29134 0 0.4619 0 0 0
T= 2.05
  X= 0.0570866 0.04 0.000381 0 0.831193 0 0.555984
  V= 0.29134 0 0.4619 0 0 0
T= 2.06
  X= 0.0570866 0.04 0.000381 0 0.831193 0 0.555984
  V= 0.29134 0 0.4619 0 0 0
T= 2.07
  X= 0.0570866 0.04 0.000381 0 0.831193 0 0.555984
  V= 0.29134 0 0.4619 0 0 0
T= 2.08
  X= 0.0570866 0.04 0.000381 0 0.831193 0 0.555984
  V= 0.29134 0 0.4619 0 0 0
T= 2.09
  X= 0.0570866 0.04 0.000381 0 0.831193 0 0.555984
  V= 0.29134 0 0.4619 0 0 0
T= 2.1
  X= 0.0570866 0.04 0.000381 0 0.831193 0 0.555984
  V= 0.29134 0 0.4619 0 0 0
T= 2.11
  X= 0.0570866 0.04 0.000381 0 0.831193 0 0.555984
  V= 0.29134 0 0.4619 0 0 0
T= 2.12
  X= 0.0570866 0.04 0.000381 0 0.831193 0 0.555984
  V= 0.29134 0 0.4619 0 0 0
T= 2.13
  X= 0.0570866 0.04 0.000381 0 0.831193 0 0.555984
  V= 0.29134 0 0.4619 0 0 0
T= 2.14
  X= 0.0570866 0.04 0.000381 0 0.831193 0 0.555984
  V= 0.29134 0 0.4619 0 0 0
T= 2.15
  X= 0.0570866 0.04 0.000381 0 0.831193 0 0.555984
  V= 0.29134 0 0.4619 0 0 0
T= 2.16
  X= 0.0570866 0.04 0.000381 0 0.831193 0 0.555984
  V= 0.29134 0 0.4619 0 0 0
T= 2.17
  X= 0.0570866 0.04 0.000381 0 0.831193 0 0.555984
  V= 0.29134 0 0.4619 0 0 0
T= 2.18
  X= 0.0570866 0.04 0.000381 0 0.831193 0 0.555984
  V= 0.29134 0 0.4619 0 0 0
T= 2.19
  X= 0.0570866 0.04 0.000381 0 0.831193 0 0.555984
  V= 0.29134 0 0.4619 0 0 0
T= 2.2
  X= 0.0570866 0.04 0.000381 0 0.831193 0 0.555984
  V= 0.29134 0 0.4619 0 0 0
T= 2.21
  X= 0.0570866 0.04 0.000381 0 0.831193 0 0.555984
  V= 0.29134 0 0.4619 0 0 0
T= 2.22
  X= 0.0570866 0.04 0.000381 0 0.831193 0 0.555984
  V= 0.29134 0 0.4619 0 0 0
T= 2.23
  X= 0.0570866 0.04 0.000381 0 0.831193 0 0.555984
  V= 0.29134 0 0.4619 0 0 0
T= 2.24
  X= 0.0570866 0.04 0.000381 0 0.831193 0 0.555984
  V= 0.29134 0 0.4619 0 0 0
T= 2.25
  X= 0.0570866 0.04 0.000381 0 0.831193 0 0.555984
  V= 0.29134 0 0.4619 0 0 0
T= 2.26
  X= 0.0570866 0.04 0.000381 0 0.831193 0 0.555984
  V= 0.29134 0 0.4619 0 0 0
T= 2.27
  X= 0.0570866 0.04 0.000381 0 0.831193 0 0.555984
  V= 0.29134 0 0.4619 0 0 0
T= 2.28
  X= 0.0570866 0.04 0.000381 0 0.831193 0 0.555984
  V= 0.29134 0 0.4619 0 0 0
T= 2.29
  X= 0.0570866 0.04 0.000381 0 0.831193 0 0.555984
  V= 0.29134 0 0.4619 0 0 0
T= 2.3
  X= 0.0570866 0.04 0.000381 0 0.831193 0 0.555984
  V= 0.29134 0 0.4619 0 0 0
T= 2.31
  X= 0.0570866 0.04 0.000381 0 0.831193 0 0.555984
  V= 0.29134 0 0.4619 0 0 0
T= 2.32
  X= 0.0570866 0.04 0.000381 0 0.831193 0 0.555984
  V= 0.29134 0 0.4619 0 0 0
T= 2.33
  X= 0.0570866 0.04 0.000381 0 0.831193 0 0.555984
  V= 0.29134 0 0.4619 0 0 0
T= 2.34
  X= 0.0570866 0.04 0.000381 0 0.831193 0 0.555984
  V= 0.29134 0 0.4619 0 0 0
T= 2.35
  X= 0.0570866 0.04 0.000381 0 0.831193 0 0.555984
  V= 0.29134 0 0.4619 0 0 0
T= 2.36
  X= 0.0570866 0.04 0.000381 0 0.831193 0 0.555984
  V= 0.29134 0 0.4619 0 0 0
T= 2.37
  X= 0.0570866 0.04 0.000381 0 0.831193 0 0.555984
  V= 0.29134 0 0.4619 0 0 0
T= 2.38
  X= 0.0570866 0.04 0.000381 0 0.831193 0 0.555984
  V= 0.29134 0 0.4619 0 0 0
T= 2.39
  X= 0.0570866 0.04 0.000381 0 0.831193 0 0.555984
  V= 0.29134 0 0.4619 0 0 0
T= 2.4
  X= 0.0570866 0.04 0.000381 0 0.831193 0 0.555984
  V= 0.29134 0 0.4619 0 0 0
T= 2.41
  X= 0.0570866 0.04 0.000381 0 0.831193 0 0.555984
  V= 0.29134 0 0.4619 0 0 0
T= 2.42
  X= 0.0570866 0.04 0.000381 0 0.831193 0 0.555984
  V= 0.29134 0 0.4619 0 0 0
T= 2.43
  X= 0.0570866 0.04 0.000381 0 0.831193 0 0.555984
  V= 0.29134 0 0.4619 0 0 0
T= 2.44
  X= 0.0570866 0.04 0.000381 0 0.831193 0 0.555984
  V= 0.29134 0 0.4619 0 0 0
T= 2.45
  X= 0.0570866 0.04 0.000381 0 0.831193 0 0.555984
  V= 0.29134 0 0.4619 0 0 0
T= 2.46
  X= 0.0570866 0.04 0.000381 0 0.831193 0 0.555984
  V= 0.29134 0 0.4619 0 0 0
T= 2.47
  X= 0.0570866 0.04 0.000381 0 0.831193 0 0.555984
  V= 0.29134 0 0.4619 0 0 0
T= 2.48
  X= 0.0570866 0.04 0.000381 0 0.831193 0 0.555984
  V= 0.29134 0 0.4619 0 0 0
T= 2.49
  X= 0.0570866 0.04 0.000381 0 0.831193 0 0.555984
  V= 0.29134 0 0.4619 0 0 0
T= 2.5
  X= 0.0570866 0.04 0.000381 0 0.831193 0 0.555984
  V= 0.29134 0 0.4619 0 0 0
T= 2.51
  X= 0.0570866 0.04 0.000381 0 0.831193 0 0.555984
  V= 0.29134 0 0.4619 0 0 0
T= 2.52
  X= 0.0570866 0.04 0.000381 0 0.831193 0 0.555984
  V= 0.29134 0 0.4619 0 0 0
T= 2.53
  X= 0.0570866 0.04 0.000381 0 0.831193 0 0.555984
  V= 0.29134 0 0.4619 0 0 0
T= 2.54
  X= 0.0570866 0.04 0.000381 0 0.831193 0 0.555984
  V= 0.29134 0 0.4619 0 0 0
T= 2.55
  X= 0.0570866 0.04 0.000381 0 0.831193 0 0.555984
  V= 0.29134 0 0.4619 0 0 0
T= 2.56
  X= 0.0570866 0.04 0.000381 0 0.831193 0 0.555984
  V= 0.29134 0 0.4619 0 0 0
T= 2.57
  X= 0.0570866 0.04 0.000381 0 0.831193 0 0.555984
  V= 0.29134 0 0.4619 0 0 0
T= 2.58
  X= 0.0570866 0.04 0.000381 0 0.831193 0 0.555984
  V= 0.29134 0 0.4619 0 0 0
T= 2.59
  X= 0.0570866 0.04 0.000381 0 0.831193 0 0.555984
  V= 0.29134 0 0.4619 0 0 0
T= 2.6
  X= 0.0570866 0.04 0.000381 0 0.831193 0 0.555984
  V= 0.29134 0 0.4619 0 0 0
T= 2.61
  X= 0.0570866 0.04 0.000381 0 0.831193 0 0.555984
  V= 0.29134 0 0.4619 0 0 0
T= 2.62
  X= 0.0570866 0.04 0.000381 0 0.831193 0 0.555984
  V= 0.29134 0 0.4619 0 0 0
T= 2.63
  X= 0.0570866 0.04 0.000381 0 0.831193 0 0.555984
  V= 0.29134 0 0.4619 0 0 0
T= 2.64
  X= 0.0570866 0.04 0.000381 0 0.831193 0 0.555984
  V= 0.29134 0 0.4619 0 0 0
T= 2.65
  X= 0.0570866 0.04 0.000381 0 0.831193 0 0.555984
  V= 0.29134 0 0.4619 0 0 0
T= 2.66
  X= 0.0570866 0.04 0.000381 0 0.831193 0 0.555984
  V= 0.29134 0 0.4619 0 0 0
T= 2.67
  X= 0.0570866 0.04 0.000381 0 0.831193 0 0.555984
  V= 0.29134 0 0.4619 0 0 0
T= 2.68
  X= 0.0570866 0.04 0.000381 0 0.831193 0 0.555984
  V= 0.29134 0 0.4619 0 0 0
T= 2.69
  X= 0.0570866 0.04 0.000381 0 0.831193 0 0.555984
  V= 0.29134 0 0.4619 0 0 0
T= 2.7
  X= 0.0570866 0.04 0.000381 0 0.831193 0 0.555984
  V= 0.29134 0 0.4619 0 0 0
T= 2.71
  X= 0.0570866 0.04 0.000381 0 0.831193 0 0.555984
  V= 0.29134 0 0.4619 0 0 0
T= 2.72
  X= 0.0570866 0.04 0.000381 0 0.831193 0 0.555984
  V= 0.29134 0 0.4619 0 0 0
T= 2.73
  X= 0.0570866 0.04 0.000381 0 0.831193 0 0.555984
  V= 0.29134 0 0.4619 0 0 0
T= 2.74
  X= 0.0570866 0.04 0.000381 0 0.831193 0 0.555984
  V= 0.29134 0 0.4619 0 0 0
T= 2.75
  X= 0.0570866 0.04 0.000381 0 0.831193 0 0.555984
  V= 0.29134 0 0.4619 0 0 0
T= 2.76
  X= 0.0570866 0.04 0.000381 0 0.831193 0 0.555984
  V= 0.29134 0 0.4619 0 0 0
T= 2.77
  X= 0.0570866 0.04 0.000381 0 0.831193 0 0.555984
  V= 0.29134 0 0.4619 0 0 0
T= 2.78
  X= 0.0570866 0.04 0.000381 0 0.831193 0 0.555984
  V= 0.29134 0 0.4619 0 0 0
T= 2.79
  X= 0.0570866 0.04 0.000381 0 0.831193 0 0.555984
  V= 0.29134 0 0.4619 0 0 0
T= 2.8
  X= 0.0570866 0.04 0.000381 0 0.831193 0 0.555984
  V= 0.29134 0 0.4619 0 0 0
T= 2.81
  X= 0.0570866 0.04 0.000381 0 0.831193 0 0.555984
  V= 0.29134 0 0.4619 0 0 0
T= 2.82
  X= 0.0570866 0.04 0.000381 0 0.831193 0 0.555984
  V= 0.29134 0 0.4619 0 0 0
T= 2.83
  X= 0.0570866 0.04 0.000381 0 0.831193 0 0.555984
  V= 0.29134 0 0.4619 0 0 0
T= 2.84
  X= 0.0570866 0.04 0.000381 0 0.831193 0 0.555984
  V= 0.29134 0 0.4619 0 0 0
T= 2.85
  X= 0.0570866 0.04 0.000381 0 0.831193 0 0.555984
  V= 0.29134 0 0.4619 0 0 0
T= 2.86
  X= 0.0570866 0.04 0.000381 0 0.831193 0 0.555984
  V= 0.29134 0 0.4619 0 0 0
T= 2.87
  X= 0.0570866 0.04 0.000381 0 0.831193 0 0.555984
  V= 0.29134 0 0.4619 0 0 0
T= 2.88
  X= 0.0570866 0.04 0.000381 0 0.831193 0 0.555984
  V= 0.29134 0 0.4619 0 0 0
T= 2.89
  X= 0.0570866 0.04 0.000381 0 0.831193 0 0.555984
  V= 0.29134 0 0.4619 0 0 0
T= 2.9
  X= 0.0570866 0.04 0.000381 0 0.831193 0 0.555984
  V= 0.29134 0 0.4619 0 0 0
T= 2.91
  X= 0.0570866 0.04 0.000381 0 0.831193 0 0.555984
  V= 0.29134 0 0.4619 0 0 0
T= 2.92
  X= 0.0570866 0.04 0.000381 0 0.831193 0 0.555984
  V= 0.29134 0 0.4619 0 0 0
T= 2.93
  X= 0.0570866 0.04 0.000381 0 0.831193 0 0.555984
  V= 0.29134 0 0.4619 0 0 0
T= 2.94
  X= 0.0570866 0.04 0.000381 0 0.831193 0 0.555984
  V= 0.29134 0 0.4619 0 0 0
T= 2.95
  X= 0.0570866 0.04 0.000381 0 0.831193 0 0.555984
  V= 0.29134 0 0.4619 0 0 0
T= 2.96
  X= 0.0570866 0.04 0.000381 0 0.831193 0 0.555984
  V= 0.29134 0 0.4619 0 0 0
T= 2.97
  X= 0.0570866 0.04 0.000381 0 0.831193 0 0.555984
  V= 0.29134 0 0.4619 0 0 0
T= 2.98
  X= 0.0570866 0.04 0.000381 0 0.831193 0 0.555984
  V= 0.29134 0 0.4619 0 0 0
T= 2.99
  X= 0.0570866 0.04 0.000381 0 0.831193 0 0.555984
  V= 0.29134 0 0.4619 0 0 0
T= 3
  X= 0.0570866 0.04 0.000381 0 0.831193 0 0.555984
  V= 0.29134 0 0.4619 0 0 0
T= 3.01
  X= 0.0570866 0.04 0.000381 0 0.831193 0 0.555984
  V= 0.29134 0 0.4619 0 0 0
T= 3.02
  X= 0.0570866 0.04 0.000381 0 0.831193 0 0.555984
  V= 0.29134 0 0.4619 0 0 0
T= 3.03
  X= 0.0570866 0.04 0.000381 0 0.831193 0 0.555984
  V= 0.29134 0 0.4619 0 0 0
T= 3.04
  X= 0.0570866 0.04 0.000381 0 0.831193 0 0.555984
  V= 0.29134 0 0.4619 0 0 0
T= 3.05
  X= 0.0570866 0.04 0.000381 0 0.831193 0 0.555984
  V= 0.29134 0 0.4619 0 0 0
T= 3.06
  X= 0.0570866 0.04 0.000381 0 0.831193 0 0.555984
  V= 0.29134 0 0.4619 0 0 0
T= 3.07
  X= 0.0570866 0.04 0.000381 0 0.831193 0 0.555984
  V= 0.29134 0 0.4619 0 0 0
T= 3.08
  X= 0.0570866 0.04 0.000381 0 0.831193 0 0.555984
  V= 0.29134 0 0.4619 0 0 0
T= 3.09
  X= 0.0570866 0.04 0.000381 0 0.831193 0 0.555984
  V= 0.29134 0 0.4619 0 0 0
T= 3.1
  X= 0.0570866 0.04 0.000381 0 0.831193 0 0.555984
  V= 0.29134 0 0.4619 0 0 0
T= 3.11
  X= 0.0570866 0.04 0.000381 0 0.831193 0 0.555984
  V= 0.29134 0 0.4619 0 0 0
T= 3.12
  X= 0.0570866 0.04 0.000381 0 0.831193 0 0.555984
  V= 0.29134 0 0.4619 0 0 0
T= 3.13
  X= 0.0570866 0.04 0.000381 0 0.831193 0 0.555984
  V= 0.29134 0 0.4619 0 0 0
T= 3.14
  X= 0.0570866 0.04 0.000381 0 0.831193 0 0.555984
  V= 0.29134 0 0.4619 0 0 0
T= 3.15
  X= 0.0570866 0.04 0.000381 0 0.831193 0 0.555984
  V= 0.29134 0 0.4619 0 0 0
T= 3.16
  X= 0.0570866 0.04 0.000381 0 0.831193 0 0.555984
  V= 0.29134 0 0.4619 0 0 0
T= 3.17
  X= 0.0570866 0.04 0.000381 0 0.831193 0 0.555984
  V= 0.29134 0 0.4619 0 0 0
T= 3.18
  X= 0.0570866 0.04 0.000381 0 0.831193 0 0.555984
  V= 0.29134 0 0.4619 0 0 0
T= 3.19
  X= 0.0570866 0.04 0.000381 0 0.831193 0 0.555984
  V= 0.29134 0 0.4619 0 0 0
T= 3.2
  X= 0.0570866 0.04 0.000381 0 0.831193 0 0.555984
  V= 0.29134 0 0.4619 0 0 0
T= 3.21
  X= 0.0570866 0.04 0.000381 0 0.831193 0 0.555984
  V= 0.29134 0 0.4619 0 0 0
T= 3.22
  X= 0.0570866 0.04 0.000381 0 0.831193 0 0.555984
  V= 0.29134 0 0.4619 0 0 0
T= 3.23
  X= 0.0570866 0.04 0.000381 0 0.831193 0 0.555984
  V= 0.29134 0 0.4619 0 0 0
T= 3.24
  X= 0.0570866 0.04 0.000381 0 0.831193 0 0.555984
  V= 0.29134 0 0.4619 0 0 0
T= 3.25
  X= 0.0570866 0.04 0.000381 0 0.831193 0 0.555984
  V= 0.29134 0 0.4619 0 0 0
T= 3.26
  X= 0.0570866 0.04 0.000381 0 0.831193 0 0.555984
  V= 0.29134 0 0.4619 0 0 0
T= 3.27
  X= 0.0570866 0.04 0.000381 0 0.831193 0 0.555984
  V= 0.29134 0 0.4619 0 0 0
T= 3.28
  X= 0.0570866 0.04 0.000381 0 0.831193 0 0.555984
  V= 0.29134 0 0.4619 0 0 0
T= 3.29
  X= 0.0570866 0.04 0.000381 0 0.831193 0 0.555984
  V= 0.29134 0 0.4619 0 0 0
T= 3.3
  X= 0.0570866 0.04 0.000381 0 0.831193 0 0.555984
  V= 0.29134 0 0.4619 0 0 0
T= 3.31
  X= 0.0570866 0.04 0.000381 0 0.831193 0 0.555984
  V= 0.29134 0 0.4619 0 0 0
T= 3.32
  X= 0.0570866 0.04 0.000381 0 0.831193 0 0.555984
  V= 0.29134 0 0.4619 0 0 0
T= 3.33
  X= 0.0570866 0.04 0.000381 0 0.831193 0 0.555984
  V= 0.29134 0 0.4619 0 0 0
T= 3.34
  X= 0.0570866 0.04 0.000381 0 0.831193 0 0.555984
  V= 0.29134 0 0.4619 0 0 0
T= 3.35
  X= 0.0570866 0.04 0.000381 0 0.831193 0 0.555984
  V= 0.29134 0 0.4619 0 0 0
T= 3.36
  X= 0.0570866 0.04 0.000381 0 0.831193 0 0.555984
  V= 0.29134 0 0.4619 0 0 0
T= 3.37
  X= 0.0570866 0.04 0.000381 0 0.831193 0 0.555984
  V= 0.29134 0 0.4619 0 0 0
T= 3.38
  X= 0.0570866 0.04 0.000381 0 0.831193 0 0.555984
  V= 0.29134 0 0.4619 0 0 0
T= 3.39
  X= 0.0570866 0.04 0.000381 0 0.831193 0 0.555984
  V= 0.29134 0 0.4619 0 0 0
T= 3.4
  X= 0.0570866 0.04 0.000381 0 0.831193 0 0.555984
  V= 0.29134 0 0.4619 0 0 0
T= 3.41
  X= 0.0570866 0.04 0.000381 0 0.831193 0 0.555984
  V= 0.29134 0 0.4619 0 0 0
T= 3.42
  X= 0.0570866 0.04 0.000381 0 0.831193 0 0.555984
  V= 0.29134 0 0.4619 0 0 0
T= 3.43
  X= 0.0570866 0.04 0.000381 0 0.831193 0 0.555984
  V= 0.29134 0 0.4619 0 0 0
T= 3.44
  X= 0.0570866 0.04 0.000381 0 0.831193 0 0.555984
  V= 0.29134 0 0.4619 0 0 0
T= 3.45
  X= 0.0570866 0.04 0.000381 0 0.831193 0 0.555984
  V= 0.29134 0 0.4619 0 0 0
T= 3.46
  X= 0.0570866 0.04 0.000381 0 0.831193 0 0.555984
  V= 0.29134 0 0.4619 0 0 0
T= 3.47
  X= 0.0570866 0.04 0.000381 0 0.831193 0 0.555984
  V= 0.29134 0 0.4619 0 0 0
T= 3.48
  X= 0.0570866 0.04 0.000381 0 0.831193 0 0.555984
  V= 0.29134 0 0.4619 0 0 0
T= 3.49
  X= 0.0570866 0.04 0.000381 0 0.831193 0 0.555984
  V= 0.29134 0 0.4619 0 0 0
T= 3.5
  X= 0.0570866 0.04 0.000381 0 0.831193 0 0.555984
  V= 0.29134 0 0.4619 0 0 0
T= 3.51
  X= 0.0570866 0.04 0.000381 0 0.831193 0 0.555984
  V= 0.29134 0 0.4619 0 0 0
T= 3.52
  X= 0.0570866 0.04 0.000381 0 0.831193 0 0.555984
  V= 0.29134 0 0.4619 0 0 0
T= 3.53
  X= 0.0570866 0.04 0.000381 0 0.831193 0 0.555984
  V= 0.29134 0 0.4619 0 0 0
T= 3.54
  X= 0.0570866 0.04 0.000381 0 0.831193 0 0.555984
  V= 0.29134 0 0.4619 0 0 0
T= 3.55
  X= 0.0570866 0.04 0.000381 0 0.831193 0 0.555984
  V= 0.29134 0 0.4619 0 0 0
T= 3.56
  X= 0.0570866 0.04 0.000381 0 0.831193 0 0.555984
  V= 0.29134 0 0.4619 0 0 0
T= 3.57
  X= 0.0570866 0.04 0.000381 0 0.831193 0 0.555984
  V= 0.29134 0 0.4619 0 0 0
T= 3.58
  X= 0.0570866 0.04 0.000381 0 0.831193 0 0.555984
  V= 0.29134 0 0.4619 0 0 0
T= 3.59
  X= 0.0570866 0.04 0.000381 0 0.831193 0 0.555984
  V= 0.29134 0 0.4619 0 0 0
T= 3.6
  X= 0.0570866 0.04 0.000381 0 0.831193 0 0.555984
  V= 0.29134 0 0.4619 0 0 0
T= 3.61
  X= 0.0570866 0.04 0.000381 0 0.831193 0 0.555984
  V= 0.29134 0 0.4619 0 0 0
T= 3.62
  X= 0.0570866 0.04 0.000381 0 0.831193 0 0.555984
  V= 0.29134 0 0.4619 0 0 0
T= 3.63
  X= 0.0570866 0.04 0.000381 0 0.831193 0 0.555984
  V= 0.29134 0 0.4619 0 0 0
T= 3.64
  X= 0.0570866 0.04 0.000381 0 0.831193 0 0.555984
  V= 0.29134 0 0.4619 0 0 0
T= 3.65
  X= 0.0570866 0.04 0.000381 0 0.831193 0 0.555984
  V= 0.29134 0 0.4619 0 0 0
T= 3.66
  X= 0.0570866 0.04 0.000381 0 0.831193 0 0.555984
  V= 0.29134 0 0.4619 0 0 0
T= 3.67
  X= 0.0570866 0.04 0.000381 0 0.831193 0 0.555984
  V= 0.29134 0 0.4619 0 0 0
T= 3.68
  X= 0.0570866 0.04 0.000381 0 0.831193 0 0.555984
  V= 0.29134 0 0.4619 0 0 0
T= 3.69
  X= 0.0570866 0.04 0.000381 0 0.831193 0 0.555984
  V= 0.29134 0 0.4619 0 0 0
T= 3.7
  X= 0.0570866 0.04 0.000381 0 0.831193 0 0.555984
  V= 0.29134 0 0.4619 0 0 0
T= 3.71
  X= 0.0570866 0.04 0.000381 0 0.831193 0 0.555984
  V= 0.29134 0 0.4619 0 0 0
T= 3.72
  X= 0.0570866 0.04 0.000381 0 0.831193 0 0.555984
  V= 0.29134 0 0.4619 0 0 0
T= 3.73
  X= 0.0570866 0.04 0.000381 0 0.831193 0 0.555984
  V= 0.29134 0 0.4619 0 0 0
T= 3.74
  X= 0.0570866 0.04 0.000381 0 0.831193 0 0.555984
  V= 0.29134 0 0.4619 0 0 0
T= 3.75
  X= 0.0570866 0.04 0.000381 0 0.831193 0 0.555984
  V= 0.29134 0 0.4619 0 0 0
T= 3.76
  X= 0.0570866 0.04 0.000381 0 0.831193 0 0.555984
  V= 0.29134 0 0.4619 0 0 0
T= 3.77
  X= 0.0570866 0.04 0.000381 0 0.831193 0 0.555984
  V= 0.29134 0 0.4619 0 0 0
T= 3.78
  X= 0.0570866 0.04 0.000381 0 0.831193 0 0.555984
  V= 0.29134 0 0.4619 0 0 0
T= 3.79
  X= 0.0570866 0.04 0.000381 0 0.831193 0 0.555984
  V= 0.29134 0 0.4619 0 0 0
T= 3.8
  X= 0.0570866 0.04 0.000381 0 0.831193 0 0.555984
  V= 0.29134 0 0.4619 0 0 0
T= 3.81
  X= 0.0570866 0.04 0.000381 0 0.831193 0 0.555984
  V= 0.29134 0 0.4619 0 0 0
T= 3.82
  X= 0.0570866 0.04 0.000381 0 0.831193 0 0.555984
  V= 0.29134 0 0.4619 0 0 0
T= 3.83
  X= 0.0570866 0.04 0.000381 0 0.831193 0 0.555984
  V= 0.29134 0 0.4619 0 0 0
T= 3.84
  X= 0.0570866 0.04 0.000381 0 0.831193 0 0.555984
  V= 0.29134 0 0.4619 0 0 0
T= 3.85
  X= 0.0570866 0.04 0.000381 0 0.831193 0 0.555984
  V= 0.29134 0 0.4619 0 0 0
T= 3.86
  X= 0.0570866 0.04 0.000381 0 0.831193 0 0.555984
  V= 0.29134 0 0.4619 0 0 0
T= 3.87
  X= 0.0570866 0.04 0.000381 0 0.831193 0 0.555984
  V= 0.29134 0 0.4619 0 0 0
T= 3.88
  X= 0.0570866 0.04 0.000381 0 0.831193 0 0.555984
  V= 0.29134 0 0.4619 0 0 0
T= 3.89
  X= 0.0570866 0.04 0.000381 0 0.831193 0 0.555984
  V= 0.29134 0 0.4619 0 0 0
T= 3.9
  X= 0.0570866 0.04 0.000381 0 0.831193 0 0.555984
  V= 0.29134 0 0.4619 0 0 0
T= 3.91
  X= 0.0570866 0.04 0.000381 0 0.831193 0 0.555984
  V= 0.29134 0 0.4619 0 0 0
T= 3.92
  X= 0.0570866 0.04 0.000381 0 0.831193 0 0.555984
  V= 0.29134 0 0.4619 0 0 0
T= 3.93
  X= 0.0570866 0.04 0.000381 0 0.831193 0 0.555984
  V= 0.29134 0 0.4619 0 0 0
T= 3.94
  X= 0.0570866 0.04 0.000381 0 0.831193 0 0.555984
  V= 0.29134 0 0.4619 0 0 0
T= 3.95
  X= 0.0570866 0.04 0.000381 0 0.831193 0 0.555984
  V= 0.29134 0 0.4619 0 0 0
T= 3.96
  X= 0.0570866 0.04 0.000381 0 0.831193 0 0.555984
  V= 0.29134 0 0.4619 0 0 0
T= 3.97
  X= 0.0570866 0.04 0.000381 0 0.831193 0 0.555984
  V= 0.29134 0 0.4619 0 0 0
T= 3.98
  X= 0.0570866 0.04 0.000381 0 0.831193 0 0.555984
  V= 0.29134 0 0.4619 0 0 0
T= 3.99
  X= 0.0570866 0.04 0.000381 0 0.831193 0 0.555984
  V= 0.29134 0 0.4619 0 0 0
T= 4
  X= 0.0570866 0.04 0.000381 0 0.831193 0 0.555984
  V= 0.29134 0 0.4619 0 0 0
T= 4.01
  X= 0.0570866 0.04 0.000381 0 0.831193 0 0.555984
  V= 0.29134 0 0.4619 0 0 0
T= 4.02
  X= 0.0570866 0.04 0.000381 0 0.831193 0 0.555984
  V= 0.29134 0 0.4619 0 0 0
T= 4.03
  X= 0.0570866 0.04 0.000381 0 0.831193 0 0.555984
  V= 0.29134 0 0.4619 0 0 0
T= 4.04
  X= 0.0570866 0.04 0.000381 0 0.831193 0 0.555984
  V= 0.29134 0 0.4619 0 0 0
T= 4.05
  X= 0.0570866 0.04 0.000381 0 0.831193 0 0.555984
  V= 0.29134 0 0.4619 0 0 0
T= 4.06
  X= 0.0570866 0.04 0.000381 0 0.831193 0 0.555984
  V= 0.29134 0 0.4619 0 0 0
T= 4.07
  X= 0.0570866 0.04 0.000381 0 0.831193 0 0.555984
  V= 0.29134 0 0.4619 0 0 0
T= 4.08
  X= 0.0570866 0.04 0.000381 0 0.831193 0 0.555984
  V= 0.29134 0 0.4619 0 0 0
T= 4.09
  X= 0.0570866 0.04 0.000381 0 0.831193 0 0.555984
  V= 0.29134 0 0.4619 0 0 0
T= 4.1
  X= 0.0570866 0.04 0.000381 0 0.831193 0 0.555984
  V= 0.29134 0 0.4619 0 0 0
T= 4.11
  X= 0.0570866 0.04 0.000381 0 0.831193 0 0.555984
  V= 0.29134 0 0.4619 0 0 0
T= 4.12
  X= 0.0570866 0.04 0.000381 0 0.831193 0 0.555984
  V= 0.29134 0 0.4619 0 0 0
T= 4.13
  X= 0.0570866 0.04 0.000381 0 0.831193 0 0.555984
  V= 0.29134 0 0.4619 0 0 0
T= 4.14
  X= 0.0570866 0.04 0.000381 0 0.831193 0 0.555984
  V= 0.29134 0 0.4619 0 0 0
T= 4.15
  X= 0.0570866 0.04 0.000381 0 0.831193 0 0.555984
  V= 0.29134 0 0.4619 0 0 0
T= 4.16
  X= 0.0570866 0.04 0.000381 0 0.831193 0 0.555984
  V= 0.29134 0 0.4619 0 0 0
T= 4.17
  X= 0.0570866 0.04 0.000381 0 0.831193 0 0.555984
  V= 0.29134 0 0.4619 0 0 0
T= 4.18
  X= 0.0570866 0.04 0.000381 0 0.831193 0 0.555984
  V= 0.29134 0 0.4619 0 0 0
T= 4.19
  X= 0.0570866 0.04 0.000381 0 0.831193 0 0.555984
  V= 0.29134 0 0.4619 0 0 0
T= 4.2
  X= 0.0570866 0.04 0.000381 0 0.831193 0 0.555984
  V= 0.29134 0 0.4619 0 0 0
T= 4.21
  X= 0.0570866 0.04 0.000381 0 0.831193 0 0.555984
  V= 0.29134 0 0.4619 0 0 0
T= 4.22
  X= 0.0570866 0.04 0.000381 0 0.831193 0 0.555984
  V= 0.29134 0 0.4619 0 0 0
T= 4.23
  X= 0.0570866 0.04 0.000381 0 0.831193 0 0.555984
  V= 0.29134 0 0.4619 0 0 0
T= 4.24
  X= 0.0570866 0.04 0.000381 0 0.831193 0 0.555984
  V= 0.29134 0 0.4619 0 0 0
T= 4.25
  X= 0.0570866 0.04 0.000381 0 0.831193 0 0.555984
  V= 0.29134 0 0.4619 0 0 0
T= 4.26
  X= 0.0570866 0.04 0.000381 0 0.831193 0 0.555984
  V= 0.29134 0 0.4619 0 0 0
T= 4.27
  X= 0.0570866 0.04 0.000381 0 0.831193 0 0.555984
  V= 0.29134 0 0.4619 0 0 0
T= 4.28
  X= 0.0570866 0.04 0.000381 0 0.831193 0 0.555984
  V= 0.29134 0 0.4619 0 0 0
T= 4.29
  X= 0.0570866 0.04 0.000381 0 0.831193 0 0.555984
  V= 0.29134 0 0.4619 0 0 0
T= 4.3
  X= 0.0570866 0.04 0.000381 0 0.831193 0 0.555984
  V= 0.29134 0 0.4619 0 0 0
T= 4.31
  X= 0.0570866 0.04 0.000381 0 0.831193 0 0.555984
  V= 0.29134 0 0.4619 0 0 0
T= 4.32
  X= 0.0570866 0.04 0.000381 0 0.831193 0 0.555984
  V= 0.29134 0 0.4619 0 0 0
T= 4.33
  X= 0.0570866 0.04 0.000381 0 0.831193 0 0.555984
  V= 0.29134 0 0.4619 0 0 0
T= 4.34
  X= 0.0570866 0.04 0.000381 0 0.831193 0 0.555984
  V= 0.29134 0 0.4619 0 0 0
T= 4.35
  X= 0.0570866 0.04 0.000381 0 0.831193 0 0.555984
  V= 0.29134 0 0.4619 0 0 0
T= 4.36
  X= 0.0570866 0.04 0.000381 0 0.831193 0 0.555984
  V= 0.29134 0 0.4619 0 0 0
T= 4.37
  X= 0.0570866 0.04 0.000381 0 0.831193 0 0.555984
  V= 0.29134 0 0.4619 0 0 0
T= 4.38
  X= 0.0570866 0.04 0.000381 0 0.831193 0 0.555984
  V= 0.29134 0 0.4619 0 0 0
T= 4.39
  X= 0.0570866 0.04 0.000381 0 0.831193 0 0.555984
  V= 0.29134 0 0.4619 0 0 0
T= 4.4
  X= 0.0570866 0.04 0.000381 0 0.831193 0 0.555984
  V= 0.29134 0 0.4619 0 0 0
T= 4.41
  X= 0.0570866 0.04 0.000381 0 0.831193 0 0.555984
  V= 0.29134 0 0.4619 0 0 0
T= 4.42
  X= 0.0570866 0.04 0.000381 0 0.831193 0 0.555984
  V= 0.29134 0 0.4619 0 0 0
T= 4.43
  X= 0.0570866 0.04 0.000381 0 0.831193 0 0.555984
  V= 0.29134 0 0.4619 0 0 0
T= 4.44
  X= 0.0570866 0.04 0.000381 0 0.831193 0 0.555984
  V= 0.29134 0 0.4619 0 0 0
T= 4.45
  X= 0.0570866 0.04 0.000381 0 0.831193 0 0.555984
  V= 0.29134 0 0.4619 0 0 0
T= 4.46
  X= 0.0570866 0.04 0.000381 0 0.831193 0 0.555984
  V= 0.29134 0 0.4619 0 0 0
T= 4.47
  X= 0.0570866 0.04 0.000381 0 0.831193 0 0.555984
  V= 0.29134 0 0.4619 0 0 0
T= 4.48
  X= 0.0570866 0.04 0.000381 0 0.831193 0 0.555984
  V= 0.29134 0 0.4619 0 0 0
T= 4.49
  X= 0.0570866 0.04 0.000381 0 0.831193 0 0.555984
  V= 0.29134 0 0.4619 0 0 0
T= 4.5
  X= 0.0570866 0.04 0.000381 0 0.831193 0 0.555984
  V= 0.29134 0 0.4619 0 0 0
T= 4.51
  X= 0.0570866 0.04 0.000381 0 0.831193 0 0.555984
  V= 0.29134 0 0.4619 0 0 0
T= 4.52
  X= 0.0570866 0.04 0.000381 0 0.831193 0 0.555984
  V= 0.29134 0 0.4619 0 0 0
T= 4.53
  X= 0.0570866 0.04 0.000381 0 0.831193 0 0.555984
  V= 0.29134 0 0.4619 0 0 0
T= 4.54
  X= 0.0570866 0.04 0.000381 0 0.831193 0 0.555984
  V= 0.29134 0 0.4619 0 0 0
T= 4.55
  X= 0.0570866 0.04 0.000381 0 0.831193 0 0.555984
  V= 0.29134 0 0.4619 0 0 0
T= 4.56
  X= 0.0570866 0.04 0.000381 0 0.831193 0 0.555984
  V= 0.29134 0 0.4619 0 0 0
T= 4.57
  X= 0.0570866 0.04 0.000381 0 0.831193 0 0.555984
  V= 0.29134 0 0.4619 0 0 0
T= 4.58
  X= 0.0570866 0.04 0.000381 0 0.831193 0 0.555984
  V= 0.29134 0 0.4619 0 0 0
T= 4.59
  X= 0.0570866 0.04 0.000381 0 0.831193 0 0.555984
  V= 0.29134 0 0.4619 0 0 0
T= 4.6
  X= 0.0570866 0.04 0.000381 0 0.831193 0 0.555984
  V= 0.29134 0 0.4619 0 0 0
T= 4.61
  X= 0.0570866 0.04 0.000381 0 0.831193 0 0.555984
  V= 0.29134 0 0.4619 0 0 0
T= 4.62
  X= 0.0570866 0.04 0.000381 0 0.831193 0 0.555984
  V= 0.29134 0 0.4619 0 0 0
T= 4.63
  X= 0.0570866 0.04 0.000381 0 0.831193 0 0.555984
  V= 0.29134 0 0.4619 0 0 0
T= 4.64
  X= 0.0570866 0.04 0.000381 0 0.831193 0 0.555984
  V= 0.29134 0 0.4619 0 0 0
T= 4.65
  X= 0.0570866 0.04 0.000381 0 0.831193 0 0.555984
  V= 0.29134 0 0.4619 0 0 0
T= 4.66
  X= 0.0570866 0.04 0.000381 0 0.831193 0 0.555984
  V= 0.29134 0 0.4619 0 0 0
T= 4.67
  X= 0.0570866 0.04 0.000381 0 0.831193 0 0.555984
  V= 0.29134 0 0.4619 0 0 0
T= 4.68
  X= 0.0570866 0.04 0.000381 0 0.831193 0 0.555984
  V= 0.29134 0 0.4619 0 0 0
T= 4.69
  X= 0.0570866 0.04 0.000381 0 0.831193 0 0.555984
  V= 0.29134 0 0.4619 0 0 0
T= 4.7
  X= 0.0570866 0.04 0.000381 0 0.831193 0 0.555984
  V= 0.29134 0 0.4619 0 0 0
T= 4.71
  X= 0.0570866 0.04 0.000381 0 0.831193 0 0.555984
  V= 0.29134 0 0.4619 0 0 0
T= 4.72
  X= 0.0570866 0.04 0.000381 0 0.831193 0 0.555984
  V= 0.29134 0 0.4619 0 0 0
T= 4.73
  X= 0.0570866 0.04 0.000381 0 0.831193 0 0.555984
  V= 0.29134 0 0.4619 0 0 0
T= 4.74
  X= 0.0570866 0.04 0.000381 0 0.831193 0 0.555984
  V= 0.29134 0 0.4619 0 0 0
T= 4.75
  X= 0.0570866 0.04 0.000381 0 0.831193 0 0.555984
  V= 0.29134 0 0.4619 0 0 0
T= 4.76
  X= 0.0570866 0.04 0.000381 0 0.831193 0 0.555984
  V= 0.29134 0 0.4619 0 0 0
T= 4.77
  X= 0.0570866 0.04 0.000381 0 0.831193 0 0.555984
  V= 0.29134 0 0.4619 0 0 0
T= 4.78
  X= 0.0570866 0.04 0.000381 0 0.831193 0 0.555984
  V= 0.29134 0 0.4619 0 0 0
T= 4.79
  X= 0.0570866 0.04 0.000381 0 0.831193 0 0.555984
  V= 0.29134 0 0.4619 0 0 0
T= 4.8
  X= 0.0570866 0.04 0.000381 0 0.831193 0 0.555984
  V= 0.29134 0 0.4619 0 0 0
T= 4.81
  X= 0.0570866 0.04 0.000381 0 0.831193 0 0.555984
  V= 0.29134 0 0.4619 0 0 0
T= 4.82
  X= 0.0570866 0.04 0.000381 0 0.831193 0 0.555984
  V= 0.29134 0 0.4619 0 0 0
T= 4.83
  X= 0.0570866 0.04 0.000381 0 0.831193 0 0.555984
  V= 0.29134 0 0.4619 0 0 0
T= 4.84
  X= 0.0570866 0.04 0.000381 0 0.831193 0 0.555984
  V= 0.29134 0 0.4619 0 0 0
T= 4.85
  X= 0.0570866 0.04 0.000381 0 0.831193 0 0.555984
  V= 0.29134 0 0.4619 0 0 0
T= 4.86
  X= 0.0570866 0.04 0.000381 0 0.831193 0 0.555984
  V= 0.29134 0 0.4619 0 0 0
T= 4.87
  X= 0.0570866 0.04 0.000381 0 0.831193 0 0.555984
  V= 0.29134 0 0.4619 0 0 0
T= 4.88
  X= 0.0570866 0.04 0.000381 0 0.831193 0 0.555984
  V= 0.29134 0 0.4619 0 0 0
T= 4.89
  X= 0.0570866 0.04 0.000381 0 0.831193 0 0.555984
  V= 0.29134 0 0.4619 0 0 0
T= 4.9
  X= 0.0570866 0.04 0.000381 0 0.831193 0 0.555984
  V= 0.29134 0 0.4619 0 0 0
T= 4.91
  X= 0.0570866 0.04 0.000381 0 0.831193 0 0.555984
  V= 0.29134 0 0.4619 0 0 0
T= 4.92
  X= 0.0570866 0.04 0.000381 0 0.831193 0 0.555984
  V= 0.29134 0 0.4619 0 0 0
T= 4.93
  X= 0.0570866 0.04 0.000381 0 0.831193 0 0.555984
  V= 0.29134 0 0.4619 0 0 0
T= 4.94
  X= 0.0570866 0.04 0.000381 0 0.831193 0 0.555984
  V= 0.29134 0 0.4619 0 0 0
T= 4.95
  X= 0.0570866 0.04 0.000381 0 0.831193 0 0.555984
  V= 0.29134 0 0.4619 0 0 0
T= 4.96
  X= 0.0570866 0.04 0.000381 0 0.831193 0 0.555984
  V= 0.29134 0 0.4619 0 0 0
T= 4.97
  X= 0.0570866 0.04 0.000381 0 0.831193 0 0.555984
  V= 0.29134 0 0.4619 0 0 0
T= 4.98
  X= 0.0570866 0.04 0.000381 0 0.831193 0 0.555984
  V= 0.29134 0 0.4619 0 0 0
T= 4.99
  X= 0.0570866 0.04 0.000381 0 0.831193 0 0.555984
  V= 0.29134 0 0.4619 0 0 0
T= 5
  X= 0.0570866 0.04 0.000381 0 0.831193 0 0.555984
  V= 0.29134 0 0.4619 0 0 0
T= 5.01
  X= 0.0570866 0.04 0.000381 0 0.831193 0 0.555984
  V= 0.29134 0 0.4619 0 0 0
T= 5.02
  X= 0.0570866 0.04 0.000381 0 0.831193 0 0.555984
  V= 0.29134 0 0.4619 0 0 0
T= 5.03
  X= 0.0570866 0.04 0.000381 0 0.831193 0 0.555984
  V= 0.29134 0 0.4619 0 0 0
T= 5.04
  X= 0.0570866 0.04 0.000381 0 0.831193 0 0.555984
  V= 0.29134 0 0.4619 0 0 0
T= 5.05
  X= 0.0570866 0.04 0.000381 0 0.831193 0 0.555984
  V= 0.29134 0 0.4619 0 0 0
T= 5.06
  X= 0.0570866 0.04 0.000381 0 0.831193 0 0.555984
  V= 0.29134 0 0.4619 0 0 0
T= 5.07
  X= 0.0570866 0.04 0.000381 0 0.831193 0 0.555984
  V= 0.29134 0 0.4619 0 0 0
T= 5.08
  X= 0.0570866 0.04 0.000381 0 0.831193 0 0.555984
  V= 0.29134 0 0.4619 0 0 0
T= 5.09
  X= 0.0570866 0.04 0.000381 0 0.831193 0 0.555984
  V= 0.29134 0 0.4619 0 0 0
T= 5.1
  X= 0.0570866 0.04 0.000381 0 0.831193 0 0.555984
  V= 0.29134 0 0.4619 0 0 0
T= 5.11
  X= 0.0570866 0.04 0.000381 0 0.831193 0 0.555984
  V= 0.29134 0 0.4619 0 0 0
T= 5.12
  X= 0.0570866 0.04 0.000381 0 0.831193 0 0.555984
  V= 0.29134 0 0.4619 0 0 0
T= 5.13
  X= 0.0570866 0.04 0.000381 0 0.831193 0 0.555984
  V= 0.29134 0 0.4619 0 0 0
T= 5.14
  X= 0.0570866 0.04 0.000381 0 0.831193 0 0.555984
  V= 0.29134 0 0.4619 0 0 0
T= 5.15
  X= 0.0570866 0.04 0.000381 0 0.831193 0 0.555984
  V= 0.29134 0 0.4619 0 0 0
T= 5.16
  X= 0.0570866 0.04 0.000381 0 0.831193 0 0.555984
  V= 0.29134 0 0.4619 0 0 0
T= 5.17
  X= 0.0570866 0.04 0.000381 0 0.831193 0 0.555984
  V= 0.29134 0 0.4619 0 0 0
T= 5.18
  X= 0.0570866 0.04 0.000381 0 0.831193 0 0.555984
  V= 0.29134 0 0.4619 0 0 0
T= 5.19
  X= 0.0570866 0.04 0.000381 0 0.831193 0 0.555984
  V= 0.29134 0 0.4619 0 0 0
T= 5.2
  X= 0.0570866 0.04 0.000381 0 0.831193 0 0.555984
  V= 0.29134 0 0.4619 0 0 0
T= 5.21
  X= 0.0570866 0.04 0.000381 0 0.831193 0 0.555984
  V= 0.29134 0 0.4619 0 0 0
T= 5.22
  X= 0.0570866 0.04 0.000381 0 0.831193 0 0.555984
  V= 0.29134 0 0.4619 0 0 0
T= 5.23
  X= 0.0570866 0.04 0.000381 0 0.831193 0 0.555984
  V= 0.29134 0 0.4619 0 0 0
T= 5.24
  X= 0.0570866 0.04 0.000381 0 0.831193 0 0.555984
  V= 0.29134 0 0.4619 0 0 0
T= 5.25
  X= 0.0570866 0.04 0.000381 0 0.831193 0 0.555984
  V= 0.29134 0 0.4619 0 0 0
T= 5.26
  X= 0.0570866 0.04 0.000381 0 0.831193 0 0.555984
  V= 0.29134 0 0.4619 0 0 0
T= 5.27
  X= 0.0570866 0.04 0.000381 0 0.831193 0 0.555984
  V= 0.29134 0 0.4619 0 0 0
T= 5.28
  X= 0.0570866 0.04 0.000381 0 0.831193 0 0.555984
  V= 0.29134 0 0.4619 0 0 0
T= 5.29
  X= 0.0570866 0.04 0.000381 0 0.831193 0 0.555984
  V= 0.29134 0 0.4619 0 0 0
T= 5.3
  X= 0.0570866 0.04 0.000381 0 0.831193 0 0.555984
  V= 0.29134 0 0.4619 0 0 0
T= 5.31
  X= 0.0570866 0.04 0.000381 0 0.831193 0 0.555984
  V= 0.29134 0 0.4619 0 0 0
T= 5.32
  X= 0.0570866 0.04 0.000381 0 0.831193 0 0.555984
  V= 0.29134 0 0.4619 0 0 0
T= 5.33
  X= 0.0570866 0.04 0.000381 0 0.831193 0 0.555984
  V= 0.29134 0 0.4619 0 0 0
T= 5.34
  X= 0.0570866 0.04 0.000381 0 0.831193 0 0.555984
  V= 0.29134 0 0.4619 0 0 0
T= 5.35
  X= 0.0570866 0.04 0.000381 0 0.831193 0 0.555984
  V= 0.29134 0 0.4619 0 0 0
T= 5.36
  X= 0.0570866 0.04 0.000381 0 0.831193 0 0.555984
  V= 0.29134 0 0.4619 0 0 0
T= 5.37
  X= 0.0570866 0.04 0.000381 0 0.831193 0 0.555984
  V= 0.29134 0 0.4619 0 0 0
T= 5.38
  X= 0.0570866 0.04 0.000381 0 0.831193 0 0.555984
  V= 0.29134 0 0.4619 0 0 0
T= 5.39
  X= 0.0570866 0.04 0.000381 0 0.831193 0 0.555984
  V= 0.29134 0 0.4619 0 0 0
T= 5.4
  X= 0.0570866 0.04 0.000381 0 0.831193 0 0.555984
  V= 0.29134 0 0.4619 0 0 0
T= 5.41
  X= 0.0570866 0.04 0.000381 0 0.831193 0 0.555984
  V= 0.29134 0 0.4619 0 0 0
T= 5.42
  X= 0.0570866 0.04 0.000381 0 0.831193 0 0.555984
  V= 0.29134 0 0.4619 0 0 0
T= 5.43
  X= 0.0570866 0.04 0.000381 0 0.831193 0 0.555984
  V= 0.29134 0 0.4619 0 0 0
T= 5.44
  X= 0.0570866 0.04 0.000381 0 0.831193 0 0.555984
  V= 0.29134 0 0.4619 0 0 0
T= 5.45
  X= 0.0570866 0.04 0.000381 0 0.831193 0 0.555984
  V= 0.29134 0 0.4619 0 0 0
T= 5.46
  X= 0.0570866 0.04 0.000381 0 0.831193 0 0.555984
  V= 0.29134 0 0.4619 0 0 0
T= 5.47
  X= 0.0570866 0.04 0.000381 0 0.831193 0 0.555984
  V= 0.29134 0 0.4619 0 0 0
T= 5.48
  X= 0.0570866 0.04 0.000381 0 0.831193 0 0.555984
  V= 0.29134 0 0.4619 0 0 0
T= 5.49
  X= 0.0570866 0.04 0.000381 0 0.831193 0 0.555984
  V= 0.29134 0 0.4619 0 0 0
T= 5.5
  X= 0.0570866 0.04 0.000381 0 0.831193 0 0.555984
  V= 0.29134 0 0.4619 0 0 0
T= 5.51
  X= 0.0570866 0.04 0.000381 0 0.831193 0 0.555984
  V= 0.29134 0 0.4619 0 0 0
T= 5.52
  X= 0.0570866 0.04 0.000381 0 0.831193 0 0.555984
  V= 0.29134 0 0.4619 0 0 0
T= 5.53
  X= 0.0570866 0.04 0.000381 0 0.831193 0 0.555984
  V= 0.29134 0 0.4619 0 0 0
T= 5.54
  X= 0.0570866 0.04 0.000381 0 0.831193 0 0.555984
  V= 0.29134 0 0.4619 0 0 0
T= 5.55
  X= 0.0570866 0.04 0.000381 0 0.831193 0 0.555984
  V= 0.29134 0 0.4619 0 0 0
T= 5.56
  X= 0.0570866 0.04 0.000381 0 0.831193 0 0.555984
  V= 0.29134 0 0.4619 0 0 0
T= 5.57
  X= 0.0570866 0.04 0.000381 0 0.831193 0 0.555984
  V= 0.29134 0 0.4619 0 0 0
T= 5.58
  X= 0.0570866 0.04 0.000381 0 0.831193 0 0.555984
  V= 0.29134 0 0.4619 0 0 0
T= 5.59
  X= 0.0570866 0.04 0.000381 0 0.831193 0 0.555984
  V= 0.29134 0 0.4619 0 0 0
T= 5.6
  X= 0.0570866 0.04 0.000381 0 0.831193 0 0.555984
  V= 0.29134 0 0.4619 0 0 0
T= 5.61
  X= 0.0570866 0.04 0.000381 0 0.831193 0 0.555984
  V= 0.29134 0 0.4619 0 0 0
T= 5.62
  X= 0.0570866 0.04 0.000381 0 0.831193 0 0.555984
  V= 0.29134 0 0.4619 0 0 0
T= 5.63
  X= 0.0570866 0.04 0.000381 0 0.831193 0 0.555984
  V= 0.29134 0 0.4619 0 0 0
T= 5.64
  X= 0.0570866 0.04 0.000381 0 0.831193 0 0.555984
  V= 0.29134 0 0.4619 0 0 0
T= 5.65
  X= 0.0570866 0.04 0.000381 0 0.831193 0 0.555984
  V= 0.29134 0 0.4619 0 0 0
T= 5.66
  X= 0.0570866 0.04 0.000381 0 0.831193 0 0.555984
  V= 0.29134 0 0.4619 0 0 0
T= 5.67
  X= 0.0570866 0.04 0.000381 0 0.831193 0 0.555984
  V= 0.29134 0 0.4619 0 0 0
T= 5.68
  X= 0.0570866 0.04 0.000381 0 0.831193 0 0.555984
  V= 0.29134 0 0.4619 0 0 0
T= 5.69
  X= 0.0570866 0.04 0.000381 0 0.831193 0 0.555984
  V= 0.29134 0 0.4619 0 0 0
T= 5.7
  X= 0.0570866 0.04 0.000381 0 0.831193 0 0.555984
  V= 0.29134 0 0.4619 0 0 0
T= 5.71
  X= 0.0570866 0.04 0.000381 0 0.831193 0 0.555984
  V= 0.29134 0 0.4619 0 0 0
T= 5.72
  X= 0.0570866 0.04 0.000381 0 0.831193 0 0.555984
  V= 0.29134 0 0.4619 0 0 0
T= 5.73
  X= 0.0570866 0.04 0.000381 0 0.831193 0 0.555984
  V= 0.29134 0 0.4619 0 0 0
T= 5.74
  X= 0.0570866 0.04 0.000381 0 0.831193 0 0.555984
  V= 0.29134 0 0.4619 0 0 0
T= 5.75
  X= 0.0570866 0.04 0.000381 0 0.831193 0 0.555984
  V= 0.29134 0 0.4619 0 0 0
T= 5.76
  X= 0.0570866 0.04 0.000381 0 0.831193 0 0.555984
  V= 0.29134 0 0.4619 0 0 0
T= 5.77
  X= 0.0570866 0.04 0.000381 0 0.831193 0 0.555984
  V= 0.29134 0 0.4619 0 0 0
T= 5.78
  X= 0.0570866 0.04 0.000381 0 0.831193 0 0.555984
  V= 0.29134 0 0.4619 0 0 0
T= 5.79
  X= 0.0570866 0.04 0.000381 0 0.831193 0 0.555984
  V= 0.29134 0 0.4619 0 0 0
T= 5.8
  X= 0.0570866 0.04 0.000381 0 0.831193 0 0.555984
  V= 0.29134 0 0.4619 0 0 0
T= 5.81
  X= 0.0570866 0.04 0.000381 0 0.831193 0 0.555984
  V= 0.29134 0 0.4619 0 0 0
T= 5.82
  X= 0.0570866 0.04 0.000381 0 0.831193 0 0.555984
  V= 0.29134 0 0.4619 0 0 0
T= 5.83
  X= 0.0570866 0.04 0.000381 0 0.831193 0 0.555984
  V= 0.29134 0 0.4619 0 0 0
T= 5.84
  X= 0.0570866 0.04 0.000381 0 0.831193 0 0.555984
  V= 0.29134 0 0.4619 0 0 0
T= 5.85
  X= 0.0570866 0.04 0.000381 0 0.831193 0 0.555984
  V= 0.29134 0 0.4619 0 0 0
T= 5.86
  X= 0.0570866 0.04 0.000381 0 0.831193 0 0.555984
  V= 0.29134 0 0.4619 0 0 0
T= 5.87
  X= 0.0570866 0.04 0.000381 0 0.831193 0 0.555984
  V= 0.29134 0 0.4619 0 0 0
T= 5.88
  X= 0.0570866 0.04 0.000381 0 0.831193 0 0.555984
  V= 0.29134 0 0.4619 0 0 0
T= 5.89
  X= 0.0570866 0.04 0.000381 0 0.831193 0 0.555984
  V= 0.29134 0 0.4619 0 0 0
T= 5.9
  X= 0.0570866 0.04 0.000381 0 0.831193 0 0.555984
  V= 0.29134 0 0.4619 0 0 0
T= 5.91
  X= 0.0570866 0.04 0.000381 0 0.831193 0 0.555984
  V= 0.29134 0 0.4619 0 0 0
T= 5.92
  X= 0.0570866 0.04 0.000381 0 0.831193 0 0.555984
  V= 0.29134 0 0.4619 0 0 0
T= 5.93
  X= 0.0570866 0.04 0.000381 0 0.831193 0 0.555984
  V= 0.29134 0 0.4619 0 0 0
T= 5.94
  X= 0.0570866 0.04 0.000381 0 0.831193 0 0.555984
  V= 0.29134 0 0.4619 0 0 0
T= 5.95
  X= 0.0570866 0.04 0.000381 0 0.831193 0 0.555984
  V= 0.29134 0 0.4619 0 0 0
T= 5.96
  X= 0.0570866 0.04 0.000381 0 0.831193 0 0.555984
  V= 0.29134 0 0.4619 0 0 0
T= 5.97
  X= 0.0570866 0.04 0.000381 0 0.831193 0 0.555984
  V= 0.29134 0 0.4619 0 0 0
T= 5.98
  X= 0.0570866 0.04 0.000381 0 0.831193 0 0.555984
  V= 0.29134 0 0.4619 0 0 0
T= 5.99
  X= 0.0570866 0.04 0.000381 0 0.831193 0 0.555984
  V= 0.29134 0 0.4619 0 0 0
T= 6
  X= 0.0570866 0.04 0.000381 0 0.831193 0 0.555984
  V= 0.29134 0 0.4619 0 0 0
T= 6.01
  X= 0.0570866 0.04 0.000381 0 0.831193 0 0.555984
  V= 0.29134 0 0.4619 0 0 0
T= 6.02
  X= 0.0570866 0.04 0.000381 0 0.831193 0 0.555984
  V= 0.29134 0 0.4619 0 0 0
T= 6.03
  X= 0.0570866 0.04 0.000381 0 0.831193 0 0.555984
  V= 0.29134 0 0.4619 0 0 0
T= 6.04
  X= 0.0570866 0.04 0.000381 0 0.831193 0 0.555984
  V= 0.29134 0 0.4619 0 0 0
T= 6.05
  X= 0.0570866 0.04 0.000381 0 0.831193 0 0.555984
  V= 0.29134 0 0.4619 0 0 0
T= 6.06
  X= 0.0570866 0.04 0.000381 0 0.831193 0 0.555984
  V= 0.29134 0 0.4619 0 0 0
T= 6.07
  X= 0.0570866 0.04 0.000381 0 0.831193 0 0.555984
  V= 0.29134 0 0.4619 0 0 0
T= 6.08
  X= 0.0570866 0.04 0.000381 0 0.831193 0 0.555984
  V= 0.29134 0 0.4619 0 0 0
T= 6.09
  X= 0.0570866 0.04 0.000381 0 0.831193 0 0.555984
  V= 0.29134 0 0.4619 0 0 0
T= 6.1
  X= 0.0570866 0.04 0.000381 0 0.831193 0 0.555984
  V= 0.29134 0 0.4619 0 0 0
T= 6.11
  X= 0.0570866 0.04 0.000381 0 0.831193 0 0.555984
  V= 0.29134 0 0.4619 0 0 0
T= 6.12
  X= 0.0570866 0.04 0.000381 0 0.831193 0 0.555984
  V= 0.29134 0 0.4619 0 0 0
T= 6.13
  X= 0.0570866 0.04 0.000381 0 0.831193 0 0.555984
  V= 0.29134 0 0.4619 0 0 0
T= 6.14
  X= 0.0570866 0.04 0.000381 0 0.831193 0 0.555984
  V= 0.29134 0 0.4619 0 0 0
T= 6.15
  X= 0.0570866 0.04 0.000381 0 0.831193 0 0.555984
  V= 0.29134 0 0.4619 0 0 0
T= 6.16
  X= 0.0570866 0.04 0.000381 0 0.831193 0 0.555984
  V= 0.29134 0 0.4619 0 0 0
T= 6.17
  X= 0.0570866 0.04 0.000381 0 0.831193 0 0.555984
  V= 0.29134 0 0.4619 0 0 0
T= 6.18
  X= 0.0570866 0.04 0.000381 0 0.831193 0 0.555984
  V= 0.29134 0 0.4619 0 0 0
T= 6.19
  X= 0.0570866 0.04 0.000381 0 0.831193 0 0.555984
  V= 0.29134 0 0.4619 0 0 0
T= 6.2
  X= 0.0570866 0.04 0.000381 0 0.831193 0 0.555984
  V= 0.29134 0 0.4619 0 0 0
T= 6.21
  X= 0.0570866 0.04 0.000381 0 0.831193 0 0.555984
  V= 0.29134 0 0.4619 0 0 0
T= 6.22
  X= 0.0570866 0.04 0.000381 0 0.831193 0 0.555984
  V= 0.29134 0 0.4619 0 0 0
T= 6.23
  X= 0.0570866 0.04 0.000381 0 0.831193 0 0.555984
  V= 0.29134 0 0.4619 0 0 0
T= 6.24
  X= 0.0570866 0.04 0.000381 0 0.831193 0 0.555984
  V= 0.29134 0 0.4619 0 0 0
T= 6.25
  X= 0.0570866 0.04 0.000381 0 0.831193 0 0.555984
  V= 0.29134 0 0.4619 0 0 0
T= 6.26
  X= 0.0570866 0.04 0.000381 0 0.831193 0 0.555984
  V= 0.29134 0 0.4619 0 0 0
T= 6.27
  X= 0.0570866 0.04 0.000381 0 0.831193 0 0.555984
  V= 0.29134 0 0.4619 0 0 0
T= 6.28
  X= 0.0570866 0.04 0.000381 0 0.831193 0 0.555984
  V= 0.29134 0 0.4619 0 0 0
T= 6.29
  X= 0.0570866 0.04 0.000381 0 0.831193 0 0.555984
  V= 0.29134 0 0.4619 0 0 0
T= 6.3
  X= 0.0570866 0.04 0.000381 0 0.831193 0 0.555984
  V= 0.29134 0 0.4619 0 0 0
T= 6.31
  X= 0.0570866 0.04 0.000381 0 0.831193 0 0.555984
  V= 0.29134 0 0.4619 0 0 0
T= 6.32
  X= 0.0570866 0.04 0.000381 0 0.831193 0 0.555984
  V= 0.29134 0 0.4619 0 0 0
T= 6.33
  X= 0.0570866 0.04 0.000381 0 0.831193 0 0.555984
  V= 0.29134 0 0.4619 0 0 0
T= 6.34
  X= 0.0570866 0.04 0.000381 0 0.831193 0 0.555984
  V= 0.29134 0 0.4619 0 0 0
T= 6.35
  X= 0.0570866 0.04 0.000381 0 0.831193 0 0.555984
  V= 0.29134 0 0.4619 0 0 0
T= 6.36
  X= 0.0570866 0.04 0.000381 0 0.831193 0 0.555984
  V= 0.29134 0 0.4619 0 0 0
T= 6.37
  X= 0.0570866 0.04 0.000381 0 0.831193 0 0.555984
  V= 0.29134 0 0.4619 0 0 0
T= 6.38
  X= 0.0570866 0.04 0.000381 0 0.831193 0 0.555984
  V= 0.29134 0 0.4619 0 0 0
T= 6.39
  X= 0.0570866 0.04 0.000381 0 0.831193 0 0.555984
  V= 0.29134 0 0.4619 0 0 0
T= 6.4
  X= 0.0570866 0.04 0.000381 0 0.831193 0 0.555984
  V= 0.29134 0 0.4619 0 0 0
T= 6.41
  X= 0.0570866 0.04 0.000381 0 0.831193 0 0.555984
  V= 0.29134 0 0.4619 0 0 0
T= 6.42
  X= 0.0570866 0.04 0.000381 0 0.831193 0 0.555984
  V= 0.29134 0 0.4619 0 0 0
T= 6.43
  X= 0.0570866 0.04 0.000381 0 0.831193 0 0.555984
  V= 0.29134 0 0.4619 0 0 0
T= 6.44
  X= 0.0570866 0.04 0.000381 0 0.831193 0 0.555984
  V= 0.29134 0 0.4619 0 0 0
T= 6.45
  X= 0.0570866 0.04 0.000381 0 0.831193 0 0.555984
  V= 0.29134 0 0.4619 0 0 0
T= 6.46
  X= 0.0570866 0.04 0.000381 0 0.831193 0 0.555984
  V= 0.29134 0 0.4619 0 0 0
T= 6.47
  X= 0.0570866 0.04 0.000381 0 0.831193 0 0.555984
  V= 0.29134 0 0.4619 0 0 0
T= 6.48
  X= 0.0570866 0.04 0.000381 0 0.831193 0 0.555984
  V= 0.29134 0 0.4619 0 0 0
T= 6.49
  X= 0.0570866 0.04 0.000381 0 0.831193 0 0.555984
  V= 0.29134 0 0.4619 0 0 0
T= 6.5
  X= 0.0570866 0.04 0.000381 0 0.831193 0 0.555984
  V= 0.29134 0 0.4619 0 0 0
T= 6.51
  X= 0.0570866 0.04 0.000381 0 0.831193 0 0.555984
  V= 0.29134 0 0.4619 0 0 0
T= 6.52
  X= 0.0570866 0.04 0.000381 0 0.831193 0 0.555984
  V= 0.29134 0 0.4619 0 0 0
T= 6.53
  X= 0.0570866 0.04 0.000381 0 0.831193 0 0.555984
  V= 0.29134 0 0.4619 0 0 0
T= 6.54
  X= 0.0570866 0.04 0.000381 0 0.831193 0 0.555984
  V= 0.29134 0 0.4619 0 0 0
T= 6.55
  X= 0.0570866 0.04 0.000381 0 0.831193 0 0.555984
  V= 0.29134 0 0.4619 0 0 0
T= 6.56
  X= 0.0570866 0.04 0.000381 0 0.831193 0 0.555984
  V= 0.29134 0 0.4619 0 0 0
T= 6.57
  X= 0.0570866 0.04 0.000381 0 0.831193 0 0.555984
  V= 0.29134 0 0.4619 0 0 0
T= 6.58
  X= 0.0570866 0.04 0.000381 0 0.831193 0 0.555984
  V= 0.29134 0 0.4619 0 0 0
T= 6.59
  X= 0.0570866 0.04 0.000381 0 0.831193 0 0.555984
  V= 0.29134 0 0.4619 0 0 0
T= 6.6
  X= 0.0570866 0.04 0.000381 0 0.831193 0 0.555984
  V= 0.29134 0 0.4619 0 0 0
T= 6.61
  X= 0.0570866 0.04 0.000381 0 0.831193 0 0.555984
  V= 0.29134 0 0.4619 0 0 0
T= 6.62
  X= 0.0570866 0.04 0.000381 0 0.831193 0 0.555984
  V= 0.29134 0 0.4619 0 0 0
T= 6.63
  X= 0.0570866 0.04 0.000381 0 0.831193 0 0.555984
  V= 0.29134 0 0.4619 0 0 0
T= 6.64
  X= 0.0570866 0.04 0.000381 0 0.831193 0 0.555984
  V= 0.29134 0 0.4619 0 0 0
T= 6.65
  X= 0.0570866 0.04 0.000381 0 0.831193 0 0.555984
  V= 0.29134 0 0.4619 0 0 0
T= 6.66
  X= 0.0570866 0.04 0.000381 0 0.831193 0 0.555984
  V= 0.29134 0 0.4619 0 0 0
T= 6.67
  X= 0.0570866 0.04 0.000381 0 0.831193 0 0.555984
  V= 0.29134 0 0.4619 0 0 0
T= 6.68
  X= 0.0570866 0.04 0.000381 0 0.831193 0 0.555984
  V= 0.29134 0 0.4619 0 0 0
T= 6.69
  X= 0.0570866 0.04 0.000381 0 0.831193 0 0.555984
  V= 0.29134 0 0.4619 0 0 0
T= 6.7
  X= 0.0570866 0.04 0.000381 0 0.831193 0 0.555984
  V= 0.29134 0 0.4619 0 0 0
T= 6.71
  X= 0.0570866 0.04 0.000381 0 0.831193 0 0.555984
  V= 0.29134 0 0.4619 0 0 0
T= 6.72
  X= 0.0570866 0.04 0.000381 0 0.831193 0 0.555984
  V= 0.29134 0 0.4619 0 0 0
T= 6.73
  X= 0.0570866 0.04 0.000381 0 0.831193 0 0.555984
  V= 0.29134 0 0.4619 0 0 0
T= 6.74
  X= 0.0570866 0.04 0.000381 0 0.831193 0 0.555984
  V= 0.29134 0 0.4619 0 0 0
T= 6.75
  X= 0.0570866 0.04 0.000381 0 0.831193 0 0.555984
  V= 0.29134 0 0.4619 0 0 0
T= 6.76
  X= 0.0570866 0.04 0.000381 0 0.831193 0 0.555984
  V= 0.29134 0 0.4619 0 0 0
T= 6.77
  X= 0.0570866 0.04 0.000381 0 0.831193 0 0.555984
  V= 0.29134 0 0.4619 0 0 0
T= 6.78
  X= 0.0570866 0.04 0.000381 0 0.831193 0 0.555984
  V= 0.29134 0 0.4619 0 0 0
T= 6.79
  X= 0.0570866 0.04 0.000381 0 0.831193 0 0.555984
  V= 0.29134 0 0.4619 0 0 0
T= 6.8
  X= 0.0570866 0.04 0.000381 0 0.831193 0 0.555984
  V= 0.29134 0 0.4619 0 0 0
T= 6.81
  X= 0.0570866 0.04 0.000381 0 0.831193 0 0.555984
  V= 0.29134 0 0.4619 0 0 0
T= 6.82
  X= 0.0570866 0.04 0.000381 0 0.831193 0 0.555984
  V= 0.29134 0 0.4619 0 0 0
T= 6.83
  X= 0.0570866 0.04 0.000381 0 0.831193 0 0.555984
  V= 0.29134 0 0.4619 0 0 0
T= 6.84
  X= 0.0570866 0.04 0.000381 0 0.831193 0 0.555984
  V= 0.29134 0 0.4619 0 0 0
T= 6.85
  X= 0.0570866 0.04 0.000381 0 0.831193 0 0.555984
  V= 0.29134 0 0.4619 0 0 0
T= 6.86
  X= 0.0570866 0.04 0.000381 0 0.831193 0 0.555984
  V= 0.29134 0 0.4619 0 0 0
T= 6.87
  X= 0.0570866 0.04 0.000381 0 0.831193 0 0.555984
  V= 0.29134 0 0.4619 0 0 0
T= 6.88
  X= 0.0570866 0.04 0.000381 0 0.831193 0 0.555984
  V= 0.29134 0 0.4619 0 0 0
T= 6.89
  X= 0.0570866 0.04 0.000381 0 0.831193 0 0.555984
  V= 0.29134 0 0.4619 0 0 0
T= 6.9
  X= 0.0570866 0.04 0.000381 0 0.831193 0 0.555984
  V= 0.29134 0 0.4619 0 0 0
T= 6.91
  X= 0.0570866 0.04 0.000381 0 0.831193 0 0.555984
  V= 0.29134 0 0.4619 0 0 0
T= 6.92
  X= 0.0570866 0.04 0.000381 0 0.831193 0 0.555984
  V= 0.29134 0 0.4619 0 0 0
T= 6.93
  X= 0.0570866 0.04 0.000381 0 0.831193 0 0.555984
  V= 0.29134 0 0.4619 0 0 0
T= 6.94
  X= 0.0570866 0.04 0.000381 0 0.831193 0 0.555984
  V= 0.29134 0 0.4619 0 0 0
T= 6.95
  X= 0.0570866 0.04 0.000381 0 0.831193 0 0.555984
  V= 0.29134 0 0.4619 0 0 0
T= 6.96
  X= 0.0570866 0.04 0.000381 0 0.831193 0 0.555984
  V= 0.29134 0 0.4619 0 0 0
T= 6.97
  X= 0.0570866 0.04 0.000381 0 0.831193 0 0.555984
  V= 0.29134 0 0.4619 0 0 0
T= 6.98
  X= 0.0570866 0.04 0.000381 0 0.831193 0 0.555984
  V= 0.29134 0 0.4619 0 0 0
T= 6.99
  X= 0.0570866 0.04 0.000381 0 0.831193 0 0.555984
  V= 0.29134 0 0.4619 0 0 0
T= 7
  X= 0.0570866 0.04 0.000381 0 0.831193 0 0.555984
  V= 0.29134 0 0.4619 0 0 0
T= 7.01
  X= 0.0570866 0.04 0.000381 0 0.831193 0 0.555984
  V= 0.29134 0 0.4619 0 0 0
T= 7.02
  X= 0.0570866 0.04 0.000381 0 0.831193 0 0.555984
  V= 0.29134 0 0.4619 0 0 0
T= 7.03
  X= 0.0570866 0.04 0.000381 0 0.831193 0 0.555984
  V= 0.29134 0 0.4619 0 0 0
T= 7.04
  X= 0.0570866 0.04 0.000381 0 0.831193 0 0.555984
  V= 0.29134 0 0.4619 0 0 0
T= 7.05
  X= 0.0570866 0.04 0.000381 0 0.831193 0 0.555984
  V= 0.29134 0 0.4619 0 0 0
T= 7.06
  X= 0.0570866 0.04 0.000381 0 0.831193 0 0.555984
  V= 0.29134 0 0.4619 0 0 0
T= 7.07
  X= 0.0570866 0.04 0.000381 0 0.831193 0 0.555984
  V= 0.29134 0 0.4619 0 0 0
T= 7.08
  X= 0.0570866 0.04 0.000381 0 0.831193 0 0.555984
  V= 0.29134 0 0.4619 0 0 0
T= 7.09
  X= 0.0570866 0.04 0.000381 0 0.831193 0 0.555984
  V= 0.29134 0 0.4619 0 0 0
T= 7.1
  X= 0.0570866 0.04 0.000381 0 0.831193 0 0.555984
  V= 0.29134 0 0.4619 0 0 0
T= 7.11
  X= 0.0570866 0.04 0.000381 0 0.831193 0 0.555984
  V= 0.29134 0 0.4619 0 0 0
T= 7.12
  X= 0.0570866 0.04 0.000381 0 0.831193 0 0.555984
  V= 0.29134 0 0.4619 0 0 0
T= 7.13
  X= 0.0570866 0.04 0.000381 0 0.831193 0 0.555984
  V= 0.29134 0 0.4619 0 0 0
T= 7.14
  X= 0.0570866 0.04 0.000381 0 0.831193 0 0.555984
  V= 0.29134 0 0.4619 0 0 0
T= 7.15
  X= 0.0570866 0.04 0.000381 0 0.831193 0 0.555984
  V= 0.29134 0 0.4619 0 0 0
T= 7.16
  X= 0.0570866 0.04 0.000381 0 0.831193 0 0.555984
  V= 0.29134 0 0.4619 0 0 0
T= 7.17
  X= 0.0570866 0.04 0.000381 0 0.831193 0 0.555984
  V= 0.29134 0 0.4619 0 0 0
T= 7.18
  X= 0.0570866 0.04 0.000381 0 0.831193 0 0.555984
  V= 0.29134 0 0.4619 0 0 0
T= 7.19
  X= 0.0570866 0.04 0.000381 0 0.831193 0 0.555984
  V= 0.29134 0 0.4619 0 0 0
T= 7.2
  X= 0.0570866 0.04 0.000381 0 0.831193 0 0.555984
  V= 0.29134 0 0.4619 0 0 0
T= 7.21
  X= 0.0570866 0.04 0.000381 0 0.831193 0 0.555984
  V= 0.29134 0 0.4619 0 0 0
T= 7.22
  X= 0.0570866 0.04 0.000381 0 0.831193 0 0.555984
  V= 0.29134 0 0.4619 0 0 0
T= 7.23
  X= 0.0570866 0.04 0.000381 0 0.831193 0 0.555984
  V= 0.29134 0 0.4619 0 0 0
T= 7.24
  X= 0.0570866 0.04 0.000381 0 0.831193 0 0.555984
  V= 0.29134 0 0.4619 0 0 0
T= 7.25
  X= 0.0570866 0.04 0.000381 0 0.831193 0 0.555984
  V= 0.29134 0 0.4619 0 0 0
T= 7.26
  X= 0.0570866 0.04 0.000381 0 0.831193 0 0.555984
  V= 0.29134 0 0.4619 0 0 0
T= 7.27
  X= 0.0570866 0.04 0.000381 0 0.831193 0 0.555984
  V= 0.29134 0 0.4619 0 0 0
T= 7.28
  X= 0.0570866 0.04 0.000381 0 0.831193 0 0.555984
  V= 0.29134 0 0.4619 0 0 0
T= 7.29
  X= 0.0570866 0.04 0.000381 0 0.831193 0 0.555984
  V= 0.29134 0 0.4619 0 0 0
T= 7.3
  X= 0.0570866 0.04 0.000381 0 0.831193 0 0.555984
  V= 0.29134 0 0.4619 0 0 0
T= 7.31
  X= 0.0570866 0.04 0.000381 0 0.831193 0 0.555984
  V= 0.29134 0 0.4619 0 0 0
T= 7.32
  X= 0.0570866 0.04 0.000381 0 0.831193 0 0.555984
  V= 0.29134 0 0.4619 0 0 0
T= 7.33
  X= 0.0570866 0.04 0.000381 0 0.831193 0 0.555984
  V= 0.29134 0 0.4619 0 0 0
T= 7.34
  X= 0.0570866 0.04 0.000381 0 0.831193 0 0.555984
  V= 0.29134 0 0.4619 0 0 0
T= 7.35
  X= 0.0570866 0.04 0.000381 0 0.831193 0 0.555984
  V= 0.29134 0 0.4619 0 0 0
T= 7.36
  X= 0.0570866 0.04 0.000381 0 0.831193 0 0.555984
  V= 0.29134 0 0.4619 0 0 0
T= 7.37
  X= 0.0570866 0.04 0.000381 0 0.831193 0 0.555984
  V= 0.29134 0 0.4619 0 0 0
T= 7.38
  X= 0.0570866 0.04 0.000381 0 0.831193 0 0.555984
  V= 0.29134 0 0.4619 0 0 0
T= 7.39
  X= 0.0570866 0.04 0.000381 0 0.831193 0 0.555984
  V= 0.29134 0 0.4619 0 0 0
T= 7.4
  X= 0.0570866 0.04 0.000381 0 0.831193 0 0.555984
  V= 0.29134 0 0.4619 0 0 0
T= 7.41
  X= 0.0570866 0.04 0.000381 0 0.831193 0 0.555984
  V= 0.29134 0 0.4619 0 0 0
T= 7.42
  X= 0.0570866 0.04 0.000381 0 0.831193 0 0.555984
  V= 0.29134 0 0.4619 0 0 0
T= 7.43
  X= 0.0570866 0.04 0.000381 0 0.831193 0 0.555984
  V= 0.29134 0 0.4619 0 0 0
T= 7.44
  X= 0.0570866 0.04 0.000381 0 0.831193 0 0.555984
  V= 0.29134 0 0.4619 0 0 0
T= 7.45
  X= 0.0570866 0.04 0.000381 0 0.831193 0 0.555984
  V= 0.29134 0 0.4619 0 0 0
T= 7.46
  X= 0.0570866 0.04 0.000381 0 0.831193 0 0.555984
  V= 0.29134 0 0.4619 0 0 0
T= 7.47
  X= 0.0570866 0.04 0.000381 0 0.831193 0 0.555984
  V= 0.29134 0 0.4619 0 0 0
T= 7.48
  X= 0.0570866 0.04 0.000381 0 0.831193 0 0.555984
  V= 0.29134 0 0.4619 0 0 0
T= 7.49
  X= 0.0570866 0.04 0.000381 0 0.831193 0 0.555984
  V= 0.29134 0 0.4619 0 0 0
T= 7.5
  X= 0.0570866 0.04 0.000381 0 0.831193 0 0.555984
  V= 0.29134 0 0.4619 0 0 0
T= 7.51
  X= 0.0570866 0.04 0.000381 0 0.831193 0 0.555984
  V= 0.29134 0 0.4619 0 0 0
T= 7.52
  X= 0.0570866 0.04 0.000381 0 0.831193 0 0.555984
  V= 0.29134 0 0.4619 0 0 0
T= 7.53
  X= 0.0570866 0.04 0.000381 0 0.831193 0 0.555984
  V= 0.29134 0 0.4619 0 0 0
T= 7.54
  X= 0.0570866 0.04 0.000381 0 0.831193 0 0.555984
  V= 0.29134 0 0.4619 0 0 0
T= 7.55
  X= 0.0570866 0.04 0.000381 0 0.831193 0 0.555984
  V= 0.29134 0 0.4619 0 0 0
T= 7.56
  X= 0.0570866 0.04 0.000381 0 0.831193 0 0.555984
  V= 0.29134 0 0.4619 0 0 0
T= 7.57
  X= 0.0570866 0.04 0.000381 0 0.831193 0 0.555984
  V= 0.29134 0 0.4619 0 0 0
T= 7.58
  X= 0.0570866 0.04 0.000381 0 0.831193 0 0.555984
  V= 0.29134 0 0.4619 0 0 0
T= 7.59
  X= 0.0570866 0.04 0.000381 0 0.831193 0 0.555984
  V= 0.29134 0 0.4619 0 0 0
T= 7.6
  X= 0.0570866 0.04 0.000381 0 0.831193 0 0.555984
  V= 0.29134 0 0.4619 0 0 0
T= 7.61
  X= 0.0570866 0.04 0.000381 0 0.831193 0 0.555984
  V= 0.29134 0 0.4619 0 0 0
T= 7.62
  X= 0.0570866 0.04 0.000381 0 0.831193 0 0.555984
  V= 0.29134 0 0.4619 0 0 0
T= 7.63
  X= 0.0570866 0.04 0.000381 0 0.831193 0 0.555984
  V= 0.29134 0 0.4619 0 0 0
T= 7.64
  X= 0.0570866 0.04 0.000381 0 0.831193 0 0.555984
  V= 0.29134 0 0.4619 0 0 0
T= 7.65
  X= 0.0570866 0.04 0.000381 0 0.831193 0 0.555984
  V= 0.29134 0 0.4619 0 0 0
T= 7.66
  X= 0.0570866 0.04 0.000381 0 0.831193 0 0.555984
  V= 0.29134 0 0.4619 0 0 0
T= 7.67
  X= 0.0570866 0.04 0.000381 0 0.831193 0 0.555984
  V= 0.29134 0 0.4619 0 0 0
T= 7.68
  X= 0.0570866 0.04 0.000381 0 0.831193 0 0.555984
  V= 0.29134 0 0.4619 0 0 0
T= 7.69
  X= 0.0570866 0.04 0.000381 0 0.831193 0 0.555984
  V= 0.29134 0 0.4619 0 0 0
T= 7.7
  X= 0.0570866 0.04 0.000381 0 0.831193 0 0.555984
  V= 0.29134 0 0.4619 0 0 0
T= 7.71
  X= 0.0570866 0.04 0.000381 0 0.831193 0 0.555984
  V= 0.29134 0 0.4619 0 0 0
T= 7.72
  X= 0.0570866 0.04 0.000381 0 0.831193 0 0.555984
  V= 0.29134 0 0.4619 0 0 0
T= 7.73
  X= 0.0570866 0.04 0.000381 0 0.831193 0 0.555984
  V= 0.29134 0 0.4619 0 0 0
T= 7.74
  X= 0.0570866 0.04 0.000381 0 0.831193 0 0.555984
  V= 0.29134 0 0.4619 0 0 0
T= 7.75
  X= 0.0570866 0.04 0.000381 0 0.831193 0 0.555984
  V= 0.29134 0 0.4619 0 0 0
T= 7.76
  X= 0.0570866 0.04 0.000381 0 0.831193 0 0.555984
  V= 0.29134 0 0.4619 0 0 0
T= 7.77
  X= 0.0570866 0.04 0.000381 0 0.831193 0 0.555984
  V= 0.29134 0 0.4619 0 0 0
T= 7.78
  X= 0.0570866 0.04 0.000381 0 0.831193 0 0.555984
  V= 0.29134 0 0.4619 0 0 0
T= 7.79
  X= 0.0570866 0.04 0.000381 0 0.831193 0 0.555984
  V= 0.29134 0 0.4619 0 0 0
T= 7.8
  X= 0.0570866 0.04 0.000381 0 0.831193 0 0.555984
  V= 0.29134 0 0.4619 0 0 0
T= 7.81
  X= 0.0570866 0.04 0.000381 0 0.831193 0 0.555984
  V= 0.29134 0 0.4619 0 0 0
T= 7.82
  X= 0.0570866 0.04 0.000381 0 0.831193 0 0.555984
  V= 0.29134 0 0.4619 0 0 0
T= 7.83
  X= 0.0570866 0.04 0.000381 0 0.831193 0 0.555984
  V= 0.29134 0 0.4619 0 0 0
T= 7.84
  X= 0.0570866 0.04 0.000381 0 0.831193 0 0.555984
  V= 0.29134 0 0.4619 0 0 0
T= 7.85
  X= 0.0570866 0.04 0.000381 0 0.831193 0 0.555984
  V= 0.29134 0 0.4619 0 0 0
T= 7.86
  X= 0.0570866 0.04 0.000381 0 0.831193 0 0.555984
  V= 0.29134 0 0.4619 0 0 0
T= 7.87
  X= 0.0570866 0.04 0.000381 0 0.831193 0 0.555984
  V= 0.29134 0 0.4619 0 0 0
T= 7.88
  X= 0.0570866 0.04 0.000381 0 0.831193 0 0.555984
  V= 0.29134 0 0.4619 0 0 0
T= 7.89
  X= 0.0570866 0.04 0.000381 0 0.831193 0 0.555984
  V= 0.29134 0 0.4619 0 0 0
T= 7.9
  X= 0.0570866 0.04 0.000381 0 0.831193 0 0.555984
  V= 0.29134 0 0.4619 0 0 0
T= 7.91
  X= 0.0570866 0.04 0.000381 0 0.831193 0 0.555984
  V= 0.29134 0 0.4619 0 0 0
T= 7.92
  X= 0.0570866 0.04 0.000381 0 0.831193 0 0.555984
  V= 0.29134 0 0.4619 0 0 0
T= 7.93
  X= 0.0570866 0.04 0.000381 0 0.831193 0 0.555984
  V= 0.29134 0 0.4619 0 0 0
T= 7.94
  X= 0.0570866 0.04 0.000381 0 0.831193 0 0.555984
  V= 0.29134 0 0.4619 0 0 0
T= 7.95
  X= 0.0570866 0.04 0.000381 0 0.831193 0 0.555984
  V= 0.29134 0 0.4619 0 0 0
T= 7.96
  X= 0.0570866 0.04 0.000381 0 0.831193 0 0.555984
  V= 0.29134 0 0.4619 0 0 0
T= 7.97
  X= 0.0570866 0.04 0.000381 0 0.831193 0 0.555984
  V= 0.29134 0 0.4619 0 0 0
T= 7.98
  X= 0.0570866 0.04 0.000381 0 0.831193 0 0.555984
  V= 0.29134 0 0.4619 0 0 0
T= 7.99
  X= 0.0570866 0.04 0.000381 0 0.831193 0 0.555984
  V= 0.29134 0 0.4619 0 0 0
T= 8
  X= 0.0570866 0.04 0.000381 0 0.831193 0 0.555984
  V= 0.29134 0 0.4619 0 0 0
T= 8.01
  X= 0.0570866 0.04 0.000381 0 0.831193 0 0.555984
  V= 0.29134 0 0.4619 0 0 0
T= 8.02
  X= 0.0570866 0.04 0.000381 0 0.831193 0 0.555984
  V= 0.29134 0 0.4619 0 0 0
T= 8.03
  X= 0.0570866 0.04 0.000381 0 0.831193 0 0.555984
  V= 0.29134 0 0.4619 0 0 0
T= 8.04
  X= 0.0570866 0.04 0.000381 0 0.831193 0 0.555984
  V= 0.29134 0 0.4619 0 0 0
T= 8.05
  X= 0.0570866 0.04 0.000381 0 0.831193 0 0.555984
  V= 0.29134 0 0.4619 0 0 0
T= 8.06
  X= 0.0570866 0.04 0.000381 0 0.831193 0 0.555984
  V= 0.29134 0 0.4619 0 0 0
T= 8.07
  X= 0.0570866 0.04 0.000381 0 0.831193 0 0.555984
  V= 0.29134 0 0.4619 0 0 0
T= 8.08
  X= 0.0570866 0.04 0.000381 0 0.831193 0 0.555984
  V= 0.29134 0 0.4619 0 0 0
T= 8.09
  X= 0.0570866 0.04 0.000381 0 0.831193 0 0.555984
  V= 0.29134 0 0.4619 0 0 0
T= 8.1
  X= 0.0570866 0.04 0.000381 0 0.831193 0 0.555984
  V= 0.29134 0 0.4619 0 0 0
T= 8.11
  X= 0.0570866 0.04 0.000381 0 0.831193 0 0.555984
  V= 0.29134 0 0.4619 0 0 0
T= 8.12
  X= 0.0570866 0.04 0.000381 0 0.831193 0 0.555984
  V= 0.29134 0 0.4619 0 0 0
T= 8.13
  X= 0.0570866 0.04 0.000381 0 0.831193 0 0.555984
  V= 0.29134 0 0.4619 0 0 0
T= 8.14
  X= 0.0570866 0.04 0.000381 0 0.831193 0 0.555984
  V= 0.29134 0 0.4619 0 0 0
T= 8.15
  X= 0.0570866 0.04 0.000381 0 0.831193 0 0.555984
  V= 0.29134 0 0.4619 0 0 0
T= 8.16
  X= 0.0570866 0.04 0.000381 0 0.831193 0 0.555984
  V= 0.29134 0 0.4619 0 0 0
T= 8.17
  X= 0.0570866 0.04 0.000381 0 0.831193 0 0.555984
  V= 0.29134 0 0.4619 0 0 0
T= 8.18
  X= 0.0570866 0.04 0.000381 0 0.831193 0 0.555984
  V= 0.29134 0 0.4619 0 0 0
T= 8.19
  X= 0.0570866 0.04 0.000381 0 0.831193 0 0.555984
  V= 0.29134 0 0.4619 0 0 0
T= 8.2
  X= 0.0570866 0.04 0.000381 0 0.831193 0 0.555984
  V= 0.29134 0 0.4619 0 0 0
T= 8.21
  X= 0.0570866 0.04 0.000381 0 0.831193 0 0.555984
  V= 0.29134 0 0.4619 0 0 0
T= 8.22
  X= 0.0570866 0.04 0.000381 0 0.831193 0 0.555984
  V= 0.29134 0 0.4619 0 0 0
T= 8.23
  X= 0.0570866 0.04 0.000381 0 0.831193 0 0.555984
  V= 0.29134 0 0.4619 0 0 0
T= 8.24
  X= 0.0570866 0.04 0.000381 0 0.831193 0 0.555984
  V= 0.29134 0 0.4619 0 0 0
T= 8.25
  X= 0.0570866 0.04 0.000381 0 0.831193 0 0.555984
  V= 0.29134 0 0.4619 0 0 0
T= 8.26
  X= 0.0570866 0.04 0.000381 0 0.831193 0 0.555984
  V= 0.29134 0 0.4619 0 0 0
T= 8.27
  X= 0.0570866 0.04 0.000381 0 0.831193 0 0.555984
  V= 0.29134 0 0.4619 0 0 0
T= 8.28
  X= 0.0570866 0.04 0.000381 0 0.831193 0 0.555984
  V= 0.29134 0 0.4619 0 0 0
T= 8.29
  X= 0.0570866 0.04 0.000381 0 0.831193 0 0.555984
  V= 0.29134 0 0.4619 0 0 0
T= 8.3
  X= 0.0570866 0.04 0.000381 0 0.831193 0 0.555984
  V= 0.29134 0 0.4619 0 0 0
T= 8.31
  X= 0.0570866 0.04 0.000381 0 0.831193 0 0.555984
  V= 0.29134 0 0.4619 0 0 0
T= 8.32
  X= 0.0570866 0.04 0.000381 0 0.831193 0 0.555984
  V= 0.29134 0 0.4619 0 0 0
T= 8.33
  X= 0.0570866 0.04 0.000381 0 0.831193 0 0.555984
  V= 0.29134 0 0.4619 0 0 0
T= 8.34
  X= 0.0570866 0.04 0.000381 0 0.831193 0 0.555984
  V= 0.29134 0 0.4619 0 0 0
T= 8.35
  X= 0.0570866 0.04 0.000381 0 0.831193 0 0.555984
  V= 0.29134 0 0.4619 0 0 0
T= 8.36
  X= 0.0570866 0.04 0.000381 0 0.831193 0 0.555984
  V= 0.29134 0 0.4619 0 0 0
T= 8.37
  X= 0.0570866 0.04 0.000381 0 0.831193 0 0.555984
  V= 0.29134 0 0.4619 0 0 0
T= 8.38
  X= 0.0570866 0.04 0.000381 0 0.831193 0 0.555984
  V= 0.29134 0 0.4619 0 0 0
T= 8.39
  X= 0.0570866 0.04 0.000381 0 0.831193 0 0.555984
  V= 0.29134 0 0.4619 0 0 0
T= 8.4
  X= 0.0570866 0.04 0.000381 0 0.831193 0 0.555984
  V= 0.29134 0 0.4619 0 0 0
T= 8.41
  X= 0.0570866 0.04 0.000381 0 0.831193 0 0.555984
  V= 0.29134 0 0.4619 0 0 0
T= 8.42
  X= 0.0570866 0.04 0.000381 0 0.831193 0 0.555984
  V= 0.29134 0 0.4619 0 0 0
T= 8.43
  X= 0.0570866 0.04 0.000381 0 0.831193 0 0.555984
  V= 0.29134 0 0.4619 0 0 0
T= 8.44
  X= 0.0570866 0.04 0.000381 0 0.831193 0 0.555984
  V= 0.29134 0 0.4619 0 0 0
T= 8.45
  X= 0.0570866 0.04 0.000381 0 0.831193 0 0.555984
  V= 0.29134 0 0.4619 0 0 0
T= 8.46
  X= 0.0570866 0.04 0.000381 0 0.831193 0 0.555984
  V= 0.29134 0 0.4619 0 0 0
T= 8.47
  X= 0.0570866 0.04 0.000381 0 0.831193 0 0.555984
  V= 0.29134 0 0.4619 0 0 0
T= 8.48
  X= 0.0570866 0.04 0.000381 0 0.831193 0 0.555984
  V= 0.29134 0 0.4619 0 0 0
T= 8.49
  X= 0.0570866 0.04 0.000381 0 0.831193 0 0.555984
  V= 0.29134 0 0.4619 0 0 0
T= 8.5
  X= 0.0570866 0.04 0.000381 0 0.831193 0 0.555984
  V= 0.29134 0 0.4619 0 0 0
T= 8.51
  X= 0.0570866 0.04 0.000381 0 0.831193 0 0.555984
  V= 0.29134 0 0.4619 0 0 0
T= 8.52
  X= 0.0570866 0.04 0.000381 0 0.831193 0 0.555984
  V= 0.29134 0 0.4619 0 0 0
T= 8.53
  X= 0.0570866 0.04 0.000381 0 0.831193 0 0.555984
  V= 0.29134 0 0.4619 0 0 0
T= 8.54
  X= 0.0570866 0.04 0.000381 0 0.831193 0 0.555984
  V= 0.29134 0 0.4619 0 0 0
T= 8.55
  X= 0.0570866 0.04 0.000381 0 0.831193 0 0.555984
  V= 0.29134 0 0.4619 0 0 0
T= 8.56
  X= 0.0570866 0.04 0.000381 0 0.831193 0 0.555984
  V= 0.29134 0 0.4619 0 0 0
T= 8.57
  X= 0.0570866 0.04 0.000381 0 0.831193 0 0.555984
  V= 0.29134 0 0.4619 0 0 0
T= 8.58
  X= 0.0570866 0.04 0.000381 0 0.831193 0 0.555984
  V= 0.29134 0 0.4619 0 0 0
T= 8.59
  X= 0.0570866 0.04 0.000381 0 0.831193 0 0.555984
  V= 0.29134 0 0.4619 0 0 0
T= 8.6
  X= 0.0570866 0.04 0.000381 0 0.831193 0 0.555984
  V= 0.29134 0 0.4619 0 0 0
T= 8.61
  X= 0.0570866 0.04 0.000381 0 0.831193 0 0.555984
  V= 0.29134 0 0.4619 0 0 0
T= 8.62
  X= 0.0570866 0.04 0.000381 0 0.831193 0 0.555984
  V= 0.29134 0 0.4619 0 0 0
T= 8.63
  X= 0.0570866 0.04 0.000381 0 0.831193 0 0.555984
  V= 0.29134 0 0.4619 0 0 0
T= 8.64
  X= 0.0570866 0.04 0.000381 0 0.831193 0 0.555984
  V= 0.29134 0 0.4619 0 0 0
T= 8.65
  X= 0.0570866 0.04 0.000381 0 0.831193 0 0.555984
  V= 0.29134 0 0.4619 0 0 0
T= 8.66
  X= 0.0570866 0.04 0.000381 0 0.831193 0 0.555984
  V= 0.29134 0 0.4619 0 0 0
T= 8.67
  X= 0.0570866 0.04 0.000381 0 0.831193 0 0.555984
  V= 0.29134 0 0.4619 0 0 0
T= 8.68
  X= 0.0570866 0.04 0.000381 0 0.831193 0 0.555984
  V= 0.29134 0 0.4619 0 0 0
T= 8.69
  X= 0.0570866 0.04 0.000381 0 0.831193 0 0.555984
  V= 0.29134 0 0.4619 0 0 0
T= 8.7
  X= 0.0570866 0.04 0.000381 0 0.831193 0 0.555984
  V= 0.29134 0 0.4619 0 0 0
T= 8.71
  X= 0.0570866 0.04 0.000381 0 0.831193 0 0.555984
  V= 0.29134 0 0.4619 0 0 0
T= 8.72
  X= 0.0570866 0.04 0.000381 0 0.831193 0 0.555984
  V= 0.29134 0 0.4619 0 0 0
T= 8.73
  X= 0.0570866 0.04 0.000381 0 0.831193 0 0.555984
  V= 0.29134 0 0.4619 0 0 0
T= 8.74
  X= 0.0570866 0.04 0.000381 0 0.831193 0 0.555984
  V= 0.29134 0 0.4619 0 0 0
T= 8.75
  X= 0.0570866 0.04 0.000381 0 0.831193 0 0.555984
  V= 0.29134 0 0.4619 0 0 0
T= 8.76
  X= 0.0570866 0.04 0.000381 0 0.831193 0 0.555984
  V= 0.29134 0 0.4619 0 0 0
T= 8.77
  X= 0.0570866 0.04 0.000381 0 0.831193 0 0.555984
  V= 0.29134 0 0.4619 0 0 0
T= 8.78
  X= 0.0570866 0.04 0.000381 0 0.831193 0 0.555984
  V= 0.29134 0 0.4619 0 0 0
T= 8.79
  X= 0.0570866 0.04 0.000381 0 0.831193 0 0.555984
  V= 0.29134 0 0.4619 0 0 0
T= 8.8
  X= 0.0570866 0.04 0.000381 0 0.831193 0 0.555984
  V= 0.29134 0 0.4619 0 0 0
T= 8.81
  X= 0.0570866 0.04 0.000381 0 0.831193 0 0.555984
  V= 0.29134 0 0.4619 0 0 0
T= 8.82
  X= 0.0570866 0.04 0.000381 0 0.831193 0 0.555984
  V= 0.29134 0 0.4619 0 0 0
T= 8.83
  X= 0.0570866 0.04 0.000381 0 0.831193 0 0.555984
  V= 0.29134 0 0.4619 0 0 0
T= 8.84
  X= 0.0570866 0.04 0.000381 0 0.831193 0 0.555984
  V= 0.29134 0 0.4619 0 0 0
T= 8.85
  X= 0.0570866 0.04 0.000381 0 0.831193 0 0.555984
  V= 0.29134 0 0.4619 0 0 0
T= 8.86
  X= 0.0570866 0.04 0.000381 0 0.831193 0 0.555984
  V= 0.29134 0 0.4619 0 0 0
T= 8.87
  X= 0.0570866 0.04 0.000381 0 0.831193 0 0.555984
  V= 0.29134 0 0.4619 0 0 0
T= 8.88
  X= 0.0570866 0.04 0.000381 0 0.831193 0 0.555984
  V= 0.29134 0 0.4619 0 0 0
T= 8.89
  X= 0.0570866 0.04 0.000381 0 0.831193 0 0.555984
  V= 0.29134 0 0.4619 0 0 0
T= 8.9
  X= 0.0570866 0.04 0.000381 0 0.831193 0 0.555984
  V= 0.29134 0 0.4619 0 0 0
T= 8.91
  X= 0.0570866 0.04 0.000381 0 0.831193 0 0.555984
  V= 0.29134 0 0.4619 0 0 0
T= 8.92
  X= 0.0570866 0.04 0.000381 0 0.831193 0 0.555984
  V= 0.29134 0 0.4619 0 0 0
T= 8.93
  X= 0.0570866 0.04 0.000381 0 0.831193 0 0.555984
  V= 0.29134 0 0.4619 0 0 0
T= 8.94
  X= 0.0570866 0.04 0.000381 0 0.831193 0 0.555984
  V= 0.29134 0 0.4619 0 0 0
T= 8.95
  X= 0.0570866 0.04 0.000381 0 0.831193 0 0.555984
  V= 0.29134 0 0.4619 0 0 0
T= 8.96
  X= 0.0570866 0.04 0.000381 0 0.831193 0 0.555984
  V= 0.29134 0 0.4619 0 0 0
T= 8.97
  X= 0.0570866 0.04 0.000381 0 0.831193 0 0.555984
  V= 0.29134 0 0.4619 0 0 0
T= 8.98
  X= 0.0570866 0.04 0.000381 0 0.831193 0 0.555984
  V= 0.29134 0 0.4619 0 0 0
T= 8.99
  X= 0.0570866 0.04 0.000381 0 0.831193 0 0.555984
  V= 0.29134 0 0.4619 0 0 0
