T= 0
  X= 0.04 0.04 0.05 0 0.706825 0 0.707388
  V= 0 0 -0.18 0 0 0
T= 0.01
  X= 0.04 0.04 0.05 0 0.706825 0 0.707388
  V= 0 0 -0.18 0 0 0
T= 0.02
  X= 0.04 0.04 0.0482 0 0.706825 0 0.707388
  V= 0 0 -0.18 0 0 0
T= 0.03
  X= 0.04 0.04 0.0464 0 0.706825 0 0.707388
  V= 0 0 -0.18 0 0 0
T= 0.04
  X= 0.04 0.04 0.0446 0 0.706825 0 0.707388
  V= 0 0 -0.18 0 0 0
T= 0.05
  X= 0.04 0.04 0.0428 0 0.706825 0 0.707388
  V= 0 0 -0.18 0 0 0
T= 0.06
  X= 0.04 0.04 0.041 0 0.706825 0 0.707388
  V= 0 0 -0.18 0 0 0
T= 0.07
  X= 0.04 0.04 0.0392 0 0.706825 0 0.707388
  V= 0 0 -0.18 0 0 0
T= 0.08
  X= 0.04 0.04 0.0374 0 0.706825 0 0.707388
  V= 0 0 -0.18 0 0 0
T= 0.09
  X= 0.04 0.04 0.0356 0 0.706825 0 0.707388
  V= 0 0 -0.18 0 0 0
T= 0.1
  X= 0.04 0.04 0.0338 0 0.706825 0 0.707388
  V= 0 0 -0.18 0 0 0
T= 0.11
  X= 0.04 0.04 0.032 0 0.706825 0 0.707388
  V= 0 0 -0.18 0 0 0
T= 0.12
  X= 0.04 0.04 0.0302 0 0.706825 0 0.707388
  V= 0 0 -0.18 0 0 0
T= 0.13
  X= 0.04 0.04 0.0284 0 0.706825 0 0.707388
  V= 0 0 -0.18 0 0 0
T= 0.14
  X= 0.04 0.04 0.0266 0 0.706825 0 0.707388
  V= 0 0 -0.18 0 0 0
T= 0.15
  X= 0.04 0.04 0.0248 0 0.706825 0 0.707388
  V= 0 0 -0.18 0 0 0
T= 0.16
  X= 0.04 0.04 0.023 0 0.706825 0 0.707388
  V= 0 0 -0.18 0 0 0
T= 0.17
  X= 0.04 0.04 0.0212 0 0.706825 0 0.707388
  V= 0 0 -0.18 0 0 0
T= 0.18
  X= 0.04 0.04 0.0194 0 0.706825 0 0.707388
  V= 0 0 -0.18 0 0 0
T= 0.19
  X= 0.04 0.04 0.0176 0 0.706825 0 0.707388
  V= 0 0 -0.18 0 0 0
T= 0.2
  X= 0.04 0.04 0.0158 0 0.706825 0 0.707388
  V= 0 0 -0.18 0 0 0
T= 0.21
  X= 0.04 0.04 0.014 0 0.706825 0 0.707388
  V= 0 0 -0.18 0 0 0
T= 0.22
  X= 0.04 0.04 0.0122 0 0.706825 0 0.707388
  V= 0 0 -0.18 0 0 0
T= 0.23
  X= 0.04 0.04 0.0104 0 0.706825 0 0.707388
  V= 0 0 -0.18 0 0 0
T= 0.24
  X= 0.04 0.04 0.0086 0 0.706825 0 0.707388
  V= 0 0 -0.18 0 0 0
T= 0.25
  X= 0.04 0.04 0.0068 0 0.706825 0 0.707388
  V= 0 0 -0.18 0 0 0
T= 0.26
  X= 0.04 0.04 0.005 0 0.706825 0 0.707388
  V= 0 0 -0.18 0 0 0
T= 0.27
  X= 0.04 0.04 0.0032 0 0.706825 0 0.707388
  V= 0 0 -0.18 0 0 0
T= 0.28
  X= 0.04 0.04 0.0014 0 0.706825 0 0.707388
  V= 0 0 -0.18 0 0 0
T= 0.29
  X= 0.04 0.04 -0.0004 0 0.706825 0 0.707388
  V= 0 0 -0.18 0 0 0
T= 0.3
  X= 0.04 0.04 -0.0022 0 0.706825 0 0.707388
  V= 0 0 -0.18 0 0 0
T= 0.31
  X= 0.04 0.04 -0.004 0 0.706825 0 0.707388
  V= 0 0 -0.18 0 0 0
T= 0.32
  X= 0.04 0.04 -0.0058 0 0.706825 0 0.707388
  V= 0 0 -0.18 0 0 0
T= 0.33
  X= 0.04 0.04 -0.0076 0 0.706825 0 0.707388
  V= 0 0 -0.18 0 0 0
T= 0.34
  X= 0.04 0.04 -0.0094 0 0.706825 0 0.707388
  V= 0 0 -0.18 0 0 0
T= 0.35
  X= 0.04 0.04 -0.0112 0 0.706825 0 0.707388
  V= 0 0 -0.18 0 0 0
T= 0.36
  X= 0.04 0.04 -0.013 0 0.706825 0 0.707388
  V= 0 0 -0.18 0 0 0
T= 0.37
  X= 0.04 0.04 -0.0148 0 0.706825 0 0.707388
  V= 0 0 -0.18 0 0 0
T= 0.38
  X= 0.04 0.04 -0.0166 0 0.706825 0 0.707388
  V= 0 0 -0.18 0 0 0
T= 0.39
  X= 0.04 0.04 -0.0184 0 0.706825 0 0.707388
  V= 0 0 -0.18 0 0 0
T= 0.4
  X= 0.04 0.04 -0.0202 0 0.706825 0 0.707388
  V= 0 0 -0.18 0 0 0
T= 0.41
  X= 0.04 0.04 -0.022 0 0.706825 0 0.707388
  V= 0 0 -0.18 0 0 0
T= 0.42
  X= 0.04 0.04 -0.0238 0 0.706825 0 0.707388
  V= 0 0 -0.18 0 0 0
T= 0.43
  X= 0.04 0.04 -0.0256 0 0.706825 0 0.707388
  V= 0 0 -0.18 0 0 0
T= 0.44
  X= 0.04 0.04 -0.0274 0 0.706825 0 0.707388
  V= 0 0 -0.18 0 0 0
T= 0.45
  X= 0.04 0.04 -0.0292 0 0.706825 0 0.707388
  V= 0 0 -0.18 0 0 0
T= 0.46
  X= 0.04 0.04 -0.031 0 0.706825 0 0.707388
  V= 0 0 -0.18 0 0 0
T= 0.47
  X= 0.04 0.04 -0.0328 0 0.706825 0 0.707388
  V= 0 0 -0.18 0 0 0
T= 0.48
  X= 0.04 0.04 -0.0346 0 0.706825 0 0.707388
  V= 0 0 -0.18 0 0 0
T= 0.49
  X= 0.04 0.04 -0.0364 0 0.706825 0 0.707388
  V= 0 0 -0.18 0 0 0
T= 0.5
  X= 0.04 0.04 -0.0382 0 0.706825 0 0.707388
  V= 0 0 -0.18 0 0 0
T= 0.51
  X= 0.04 0.04 -0.04 0 0.706825 0 0.707388
  V= 0.05 0 0 0 0.98125 0
T= 0.52
  X= 0.0405 0.04 -0.04 0 0.710287 0 0.703912
  V= 0.05 0 0 0 0.98125 0
T= 0.53
  X= 0.041 0.04 -0.04 0 0.713732 0 0.700419
  V= 0.05 0 0 0 0.98125 0
T= 0.54
  X= 0.0415 0.04 -0.04 0 0.71716 0 0.696908
  V= 0.05 0 0 0 0.98125 0
T= 0.55
  X= 0.042 0.04 -0.04 0 0.720571 0 0.693381
  V= 0.05 0 0 0 0.98125 0
T= 0.56
  X= 0.0425 0.04 -0.04 0 0.723964 0 0.689838
  V= 0.05 0 0 0 0.98125 0
T= 0.57
  X= 0.043 0.04 -0.04 0 0.72734 0 0.686278
  V= 0.05 0 0 0 0.98125 0
T= 0.58
  X= 0.0435 0.04 -0.04 0 0.730698 0 0.682701
  V= 0.05 0 0 0 0.98125 0
T= 0.59
  X= 0.044 0.04 -0.04 0 0.734039 0 0.679108
  V= 0.05 0 0 0 0.98125 0
T= 0.6
  X= 0.0445 0.04 -0.04 0 0.737362 0 0.675498
  V= 0.05 0 0 0 0.98125 0
T= 0.61
  X= 0.045 0.04 -0.04 0 0.740667 0 0.671872
  V= 0.05 0 0 0 0.98125 0
T= 0.62
  X= 0.0455 0.04 -0.04 0 0.743954 0 0.66823
  V= 0.05 0 0 0 0.98125 0
T= 0.63
  X= 0.046 0.04 -0.04 0 0.747224 0 0.664572
  V= 0.05 0 0 0 0.98125 0
T= 0.64
  X= 0.0465 0.04 -0.04 0 0.750475 0 0.660898
  V= 0.05 0 0 0 0.98125 0
T= 0.65
  X= 0.047 0.04 -0.04 0 0.753709 0 0.657208
  V= 0.05 0 0 0 0.98125 0
T= 0.66
  X= 0.0475 0.04 -0.04 0 0.756924 0 0.653503
  V= 0.05 0 0 0 0.98125 0
T= 0.67
  X= 0.048 0.04 -0.04 0 0.760121 0 0.649781
  V= 0.05 0 0 0 0.98125 0
T= 0.68
  X= 0.0485 0.04 -0.04 0 0.7633 0 0.646044
  V= 0.05 0 0 0 0.98125 0
T= 0.69
  X= 0.049 0.04 -0.04 0 0.766461 0 0.642291
  V= 0.05 0 0 0 0.98125 0
T= 0.7
  X= 0.0495 0.04 -0.04 0 0.769603 0 0.638523
  V= 0.05 0 0 0 0.98125 0
